STATIONS_ID;MESS_DATUM;QN_4;TT_TER;RF_TER;eor
       1757;2024012606;    9;    3.1;  89.0;eor
       1757;2024012612;    9;    6.0;  92.0;eor
       1757;2024012618;    9;    6.0;  78.0;eor
       1757;2024012706;    9;    4.5;  83.0;eor
       1757;2024012712;    9;    5.8;  83.0;eor
       1757;2024012718;    9;    4.6;  85.0;eor
       1757;2024012806;    9;    1.0;  92.0;eor
       1757;2024012812;    9;    6.3;  67.0;eor
       1757;2024012818;    9;    3.8;  81.0;eor
       1757;2024012906;    9;    3.1;  62.0;eor
       1757;2024012912;    9;    7.0;  54.0;eor
       1757;2024012918;    9;    5.8;  61.0;eor
       1757;2024013006;    9;    2.4;  83.0;eor
       1757;2024013012;    9;    6.0;  73.0;eor
       1757;2024013018;    9;    6.3;  80.0;eor
       1757;2024013106;    9;    5.1;  86.0;eor
       1757;2024013112;    9;    5.9;  63.0;eor
       1757;2024013118;    9;    3.9;  72.0;eor
       1757;2024020106;    9;    4.9;  80.0;eor
       1757;2024020112;    9;    7.1;  66.0;eor
       1757;2024020118;    9;    5.5;  72.0;eor
       1757;2024020206;    9;    4.5;  83.0;eor
       1757;2024020212;    9;    5.0;  90.0;eor
       1757;2024020218;    9;    6.7;  94.0;eor
       1757;2024020306;    9;    8.5;  94.0;eor
       1757;2024020312;    9;    9.7;  78.0;eor
       1757;2024020318;    9;    7.3;  76.0;eor
       1757;2024020406;    9;    6.4;  77.0;eor
       1757;2024020412;    9;    7.0;  78.0;eor
       1757;2024020418;    9;    6.9;  80.0;eor
       1757;2024020506;    9;    7.2;  80.0;eor
       1757;2024020512;    9;    6.9;  93.0;eor
       1757;2024020518;    9;    7.7;  91.0;eor
       1757;2024020606;    9;    8.4;  88.0;eor
       1757;2024020612;    9;    9.5;  87.0;eor
       1757;2024020618;    9;    9.6;  90.0;eor
       1757;2024020706;    9;    5.3;  72.0;eor
       1757;2024020712;    9;    3.9;  70.0;eor
       1757;2024020718;    9;    1.3;  70.0;eor
       1757;2024020806;    9;    1.1;  78.0;eor
       1757;2024020812;    9;    2.7;  77.0;eor
       1757;2024020818;    9;    1.4;  85.0;eor
       1757;2024020906;    9;    1.8;  83.0;eor
       1757;2024020912;    9;    0.5;  95.0;eor
       1757;2024020918;    9;    1.2;  95.0;eor
       1757;2024021006;    9;    2.5;  98.0;eor
       1757;2024021012;    9;    3.2;  97.0;eor
       1757;2024021018;    9;    3.2;  96.0;eor
       1757;2024021106;    9;    3.5;  97.0;eor
       1757;2024021112;    9;    3.7;  98.0;eor
       1757;2024021118;    9;    3.8;  96.0;eor
       1757;2024021206;    9;    3.4;  97.0;eor
       1757;2024021212;    9;    4.8;  89.0;eor
       1757;2024021218;    9;    3.7;  92.0;eor
       1757;2024021306;    9;    4.9;  84.0;eor
       1757;2024021312;    9;    8.3;  68.0;eor
       1757;2024021318;    9;    6.9;  79.0;eor
       1757;2024021406;    9;    3.0;  83.0;eor
       1757;2024021412;    9;    5.3;  83.0;eor
       1757;2024021418;    9;    6.9;  95.0;eor
       1757;2024021506;    9;    9.3;  97.0;eor
       1757;2024021512;    9;   12.1;  91.0;eor
       1757;2024021518;    9;   11.4;  94.0;eor
       1757;2024021606;    9;   10.3;  86.0;eor
       1757;2024021612;    9;   14.4;  68.0;eor
       1757;2024021618;    9;   14.0;  75.0;eor
       1757;2024021706;    9;    6.6;  83.0;eor
       1757;2024021712;    9;    6.6;  74.0;eor
       1757;2024021718;    9;    3.9;  82.0;eor
       1757;2024021806;    9;    0.0;  96.0;eor
       1757;2024021812;    9;    6.9;  73.0;eor
       1757;2024021818;    9;    6.7;  78.0;eor
       1757;2024021906;    9;    6.4;  95.0;eor
       1757;2024021912;    9;    5.1;  86.0;eor
       1757;2024021918;    9;    7.0;  88.0;eor
       1757;2024022006;    9;    6.1;  94.0;eor
       1757;2024022012;    9;    7.8;  81.0;eor
       1757;2024022018;    9;    7.9;  82.0;eor
       1757;2024022106;    9;    8.0;  91.0;eor
       1757;2024022112;    9;   10.7;  62.0;eor
       1757;2024022118;    9;    8.8;  82.0;eor
       1757;2024022206;    9;    7.3;  86.0;eor
       1757;2024022212;    9;    8.4;  94.0;eor
       1757;2024022218;    9;    8.9;  95.0;eor
       1757;2024022306;    9;    6.6;  72.0;eor
       1757;2024022312;    9;    8.6;  51.0;eor
       1757;2024022318;    9;    6.8;  64.0;eor
       1757;2024022406;    9;    0.0;  92.0;eor
       1757;2024022412;    9;   10.5;  54.0;eor
       1757;2024022418;    9;    7.2;  71.0;eor
       1757;2024022506;    9;    1.3;  84.0;eor
       1757;2024022512;    9;   11.2;  45.0;eor
       1757;2024022518;    9;    7.5;  69.0;eor
       1757;2024022606;    9;   -1.7;  96.0;eor
       1757;2024022612;    9;    7.0;  70.0;eor
       1757;2024022618;    9;    3.9;  92.0;eor
       1757;2024022706;    9;    2.4;  97.0;eor
       1757;2024022712;    9;    3.3;  92.0;eor
       1757;2024022718;    9;    2.4;  96.0;eor
       1757;2024022806;    9;    1.2;  95.0;eor
       1757;2024022812;    9;    2.0;  81.0;eor
       1757;2024022818;    9;    4.0;  80.0;eor
       1757;2024022906;    9;    0.2;  88.0;eor
       1757;2024022912;    9;    8.0;  61.0;eor
       1757;2024022918;    9;    5.6;  73.0;eor
       1757;2024030106;    9;    7.5;  91.0;eor
       1757;2024030112;    9;    8.9;  87.0;eor
       1757;2024030118;    9;    8.2;  88.0;eor
       1757;2024030206;    9;    6.0;  97.0;eor
       1757;2024030212;    9;   10.1;  93.0;eor
       1757;2024030218;    9;    6.6;  95.0;eor
       1757;2024030306;    9;    4.6;  98.0;eor
       1757;2024030312;    9;    8.5;  88.0;eor
       1757;2024030318;    9;    7.4;  91.0;eor
       1757;2024030406;    9;    4.8;  96.0;eor
       1757;2024030412;    9;    6.6;  84.0;eor
       1757;2024030418;    9;    4.2;  87.0;eor
       1757;2024030506;    9;    3.8;  85.0;eor
       1757;2024030512;    9;    4.2;  81.0;eor
       1757;2024030518;    9;    3.2;  89.0;eor
       1757;2024030606;    9;   -0.3;  97.0;eor
       1757;2024030612;    9;    5.2;  82.0;eor
       1757;2024030618;    9;    4.0;  87.0;eor
       1757;2024030706;    9;   -0.3;  96.0;eor
       1757;2024030712;    9;    6.1;  75.0;eor
       1757;2024030718;    9;    2.3;  86.0;eor
       1757;2024030806;    9;    1.6;  92.0;eor
       1757;2024030812;    9;    5.5;  78.0;eor
       1757;2024030818;    9;    1.8;  80.0;eor
       1757;2024030906;    9;   -1.1;  92.0;eor
       1757;2024030912;    9;    7.1;  62.0;eor
       1757;2024030918;    9;    5.0;  81.0;eor
       1757;2024031006;    9;    4.4;  80.0;eor
       1757;2024031012;    9;    9.0;  65.0;eor
       1757;2024031018;    9;    7.4;  71.0;eor
       1757;2024031106;    9;    6.7;  78.0;eor
       1757;2024031112;    9;    6.6;  84.0;eor
       1757;2024031118;    9;    5.3;  92.0;eor
       1757;2024031206;    9;    5.1;  97.0;eor
       1757;2024031212;    9;    6.1;  94.0;eor
       1757;2024031218;    9;    6.1;  92.0;eor
       1757;2024031306;    9;    5.5;  93.0;eor
       1757;2024031312;    9;   10.5;  64.0;eor
       1757;2024031318;    9;    9.0;  76.0;eor
       1757;2024031406;    9;    8.9;  94.0;eor
       1757;2024031412;    9;   12.4;  77.0;eor
       1757;2024031418;    9;   12.4;  78.0;eor
       1757;2024031506;    9;    8.6;  89.0;eor
       1757;2024031512;    9;   16.8;  61.0;eor
       1757;2024031518;    9;   12.3;  89.0;eor
       1757;2024031606;    9;   10.2;  89.0;eor
       1757;2024031612;    9;    7.6;  72.0;eor
       1757;2024031618;    9;    6.5;  62.0;eor
       1757;2024031706;    9;    3.0;  70.0;eor
       1757;2024031712;    9;    4.2;  63.0;eor
       1757;2024031718;    9;    1.7;  77.0;eor
       1757;2024031806;    9;   -4.1;  94.0;eor
       1757;2024031812;    9;    4.0;  59.0;eor
       1757;2024031818;    9;    1.3;  72.0;eor
       1757;2024031906;    9;   -1.9;  91.0;eor
       1757;2024031912;    9;    7.3;  50.0;eor
       1757;2024031918;    9;    6.8;  57.0;eor
       1757;2024032006;    9;    6.1;  61.0;eor
       1757;2024032012;    9;    9.3;  70.0;eor
       1757;2024032018;    9;    8.2;  86.0;eor
       1757;2024032106;    9;    8.4;  95.0;eor
       1757;2024032112;    9;   10.8;  91.0;eor
       1757;2024032118;    9;    6.7;  93.0;eor
       1757;2024032206;    9;    7.7;  86.0;eor
       1757;2024032212;    9;   11.1;  81.0;eor
       1757;2024032218;    9;    9.3;  83.0;eor
       1757;2024032306;    9;    5.0;  86.0;eor
       1757;2024032312;    9;    9.3;  58.0;eor
       1757;2024032318;    9;    5.6;  77.0;eor
       1757;2024032406;    9;    3.6;  83.0;eor
       1757;2024032412;    9;    5.9;  76.0;eor
       1757;2024032418;    9;    6.4;  79.0;eor
       1757;2024032506;    9;    4.3;  95.0;eor
       1757;2024032512;    9;    8.3;  71.0;eor
       1757;2024032518;    9;    4.7;  76.0;eor
       1757;2024032606;    9;    1.9;  93.0;eor
       1757;2024032612;    9;   11.2;  46.0;eor
       1757;2024032618;    9;    9.8;  60.0;eor
       1757;2024032706;    9;    7.4;  66.0;eor
       1757;2024032712;    9;   15.2;  44.0;eor
       1757;2024032718;    9;   10.0;  79.0;eor
       1757;2024032806;    9;   10.7;  78.0;eor
       1757;2024032812;    9;    9.3;  80.0;eor
       1757;2024032818;    9;    9.6;  71.0;eor
       1757;2024032906;    9;    6.4;  77.0;eor
       1757;2024032912;    9;   12.2;  57.0;eor
       1757;2024032918;    9;   12.1;  63.0;eor
       1757;2024033006;    9;    7.9;  90.0;eor
       1757;2024033012;    9;   16.3;  63.0;eor
       1757;2024033018;    9;    9.4;  85.0;eor
       1757;2024033106;    9;    8.7;  90.0;eor
       1757;2024033112;    9;   11.1;  79.0;eor
       1757;2024033118;    9;    9.3;  82.0;eor
       1757;2024040106;    9;    6.3; 100.0;eor
       1757;2024040112;    9;    8.2;  93.0;eor
       1757;2024040118;    9;    8.1;  93.0;eor
       1757;2024040206;    9;    9.5;  78.0;eor
       1757;2024040212;    9;   12.2;  66.0;eor
       1757;2024040218;    9;    8.2;  81.0;eor
       1757;2024040306;    9;    2.9;  84.0;eor
       1757;2024040312;    9;    6.6;  69.0;eor
       1757;2024040318;    9;    4.2;  85.0;eor
       1757;2024040406;    9;    9.6;  95.0;eor
       1757;2024040412;    9;   14.3;  62.0;eor
       1757;2024040418;    9;   12.1;  88.0;eor
       1757;2024040506;    9;   10.4;  86.0;eor
       1757;2024040512;    9;   15.7;  64.0;eor
       1757;2024040518;    9;   13.5;  94.0;eor
       1757;2024040606;    9;   11.8;  82.0;eor
       1757;2024040612;    9;   17.8;  62.0;eor
       1757;2024040618;    9;   17.6;  67.0;eor
       1757;2024040706;    9;   15.9;  68.0;eor
       1757;2024040712;    9;   18.7;  60.0;eor
       1757;2024040718;    9;   15.0;  77.0;eor
       1757;2024040806;    9;   11.7;  95.0;eor
       1757;2024040812;    9;   14.4;  80.0;eor
       1757;2024040818;    9;   11.0;  92.0;eor
       1757;2024040906;    9;    9.0;  93.0;eor
       1757;2024040912;    9;   20.1;  68.0;eor
       1757;2024040918;    9;   14.2;  74.0;eor
       1757;2024041006;    9;   10.3;  70.0;eor
       1757;2024041012;    9;   11.9;  62.0;eor
       1757;2024041018;    9;   10.7;  61.0;eor
       1757;2024041106;    9;    9.1;  72.0;eor
       1757;2024041112;    9;   12.6;  69.0;eor
       1757;2024041118;    9;   13.4;  76.0;eor
       1757;2024041206;    9;   12.6;  89.0;eor
       1757;2024041212;    9;   16.4;  67.0;eor
       1757;2024041218;    9;   15.4;  79.0;eor
       1757;2024041306;    9;   10.4;  87.0;eor
       1757;2024041312;    9;   18.8;  62.0;eor
       1757;2024041318;    9;   16.9;  66.0;eor
       1757;2024041406;    9;   11.5;  72.0;eor
       1757;2024041412;    9;   13.5;  45.0;eor
       1757;2024041418;    9;   10.2;  56.0;eor
       1757;2024041506;    9;    6.4;  80.0;eor
       1757;2024041512;    9;   11.3;  49.0;eor
       1757;2024041518;    9;    7.7;  90.0;eor
       1757;2024041606;    9;    5.1;  88.0;eor
       1757;2024041612;    9;    4.9;  92.0;eor
       1757;2024041618;    9;    5.0;  77.0;eor
       1757;2024041706;    9;    4.7;  86.0;eor
       1757;2024041712;    9;    6.1;  77.0;eor
       1757;2024041718;    9;    5.6;  75.0;eor
       1757;2024041806;    9;    3.2;  83.0;eor
       1757;2024041812;    9;   10.8;  47.0;eor
       1757;2024041818;    9;    7.1;  78.0;eor
       1757;2024041906;    9;    5.2;  89.0;eor
       1757;2024041912;    9;    5.6;  82.0;eor
       1757;2024041918;    9;    6.2;  88.0;eor
       1757;2024042006;    9;    3.6;  70.0;eor
       1757;2024042012;    9;    5.3;  52.0;eor
       1757;2024042018;    9;    4.5;  63.0;eor
       1757;2024042106;    9;    2.4;  73.0;eor
       1757;2024042112;    9;    6.3;  69.0;eor
       1757;2024042118;    9;    3.5;  54.0;eor
       1757;2024042206;    9;    0.6;  96.0;eor
       1757;2024042212;    9;    3.7;  65.0;eor
       1757;2024042218;    9;    3.0;  67.0;eor
       1757;2024042306;    9;    2.3;  75.0;eor
       1757;2024042312;    9;    7.1;  50.0;eor
       1757;2024042318;    9;    6.5;  60.0;eor
       1757;2024042406;    9;    4.3;  72.0;eor
       1757;2024042412;    9;    9.0;  52.0;eor
       1757;2024042418;    9;    6.8;  72.0;eor
       1757;2024042506;    9;    5.3;  83.0;eor
       1757;2024042512;    9;    6.1;  75.0;eor
       1757;2024042518;    9;    6.7;  75.0;eor
       1757;2024042606;    9;    4.8;  84.0;eor
       1757;2024042612;    9;   13.8;  47.0;eor
       1757;2024042618;    9;    9.1;  80.0;eor
       1757;2024042706;    9;    7.9;  93.0;eor
       1757;2024042712;    9;   12.7;  72.0;eor
       1757;2024042718;    9;   11.0;  68.0;eor
       1757;2024042806;    9;   13.4;  58.0;eor
       1757;2024042812;    9;   20.6;  47.0;eor
       1757;2024042818;    9;   19.2;  53.0;eor
       1757;2024042906;    9;   12.9;  66.0;eor
       1757;2024042912;    9;   15.6;  55.0;eor
       1757;2024042918;    9;   12.9;  66.0;eor
       1757;2024043006;    9;   11.7;  64.0;eor
       1757;2024043012;    9;   13.3;  73.0;eor
       1757;2024043018;    9;   10.6;  88.0;eor
       1757;2024050106;    9;   13.0;  83.0;eor
       1757;2024050112;    9;   16.5;  72.0;eor
       1757;2024050118;    9;   14.5;  65.0;eor
       1757;2024050206;    9;   15.5;  65.0;eor
       1757;2024050212;    9;   19.1;  65.0;eor
       1757;2024050218;    9;   17.2;  70.0;eor
       1757;2024050306;    9;   14.5;  80.0;eor
       1757;2024050312;    9;   15.7;  74.0;eor
       1757;2024050318;    9;   14.7;  84.0;eor
       1757;2024050406;    9;   13.4;  89.0;eor
       1757;2024050412;    9;   16.0;  75.0;eor
       1757;2024050418;    9;   14.5;  80.0;eor
       1757;2024050506;    9;   12.5;  91.0;eor
       1757;2024050512;    9;   15.6;  83.0;eor
       1757;2024050518;    9;   16.2;  57.0;eor
       1757;2024050606;    9;   10.4;  90.0;eor
       1757;2024050612;    9;   14.6;  61.0;eor
       1757;2024050618;    9;   14.0;  66.0;eor
       1757;2024050706;    9;    8.8;  80.0;eor
       1757;2024050712;    9;    9.8;  75.0;eor
       1757;2024050718;    9;    9.3;  74.0;eor
       1757;2024050806;    9;    9.8;  73.0;eor
       1757;2024050812;    9;   13.9;  46.0;eor
       1757;2024050818;    9;   13.2;  52.0;eor
       1757;2024050906;    9;   10.8;  64.0;eor
       1757;2024050912;    9;   17.5;  44.0;eor
       1757;2024050918;    9;   15.9;  55.0;eor
       1757;2024051006;    9;   13.3;  76.0;eor
       1757;2024051012;    9;   18.0;  60.0;eor
       1757;2024051018;    9;   13.9;  78.0;eor
       1757;2024051106;    9;   12.4;  87.0;eor
       1757;2024051112;    9;   15.5;  75.0;eor
       1757;2024051118;    9;   11.8;  87.0;eor
       1757;2024051206;    9;   11.6;  53.0;eor
       1757;2024051212;    9;   15.4;  56.0;eor
       1757;2024051218;    9;   12.8;  60.0;eor
       1757;2024051306;    9;   13.9;  55.0;eor
       1757;2024051312;    9;   19.0;  54.0;eor
       1757;2024051318;    9;   15.4;  58.0;eor
       1757;2024051406;    9;   14.5;  62.0;eor
       1757;2024051412;    9;   21.9;  46.0;eor
       1757;2024051418;    9;   16.2;  59.0;eor
       1757;2024051506;    9;   16.9;  58.0;eor
       1757;2024051512;    9;   22.4;  35.0;eor
       1757;2024051518;    9;   17.8;  58.0;eor
       1757;2024051606;    9;   16.0;  55.0;eor
       1757;2024051612;    9;   21.7;  47.0;eor
       1757;2024051618;    9;   20.3;  53.0;eor
       1757;2024051706;    9;   16.9;  50.0;eor
       1757;2024051712;    9;   20.5;  39.0;eor
       1757;2024051718;    9;   16.5;  66.0;eor
       1757;2024051806;    9;   15.6;  60.0;eor
       1757;2024051812;    9;   18.1;  63.0;eor
       1757;2024051818;    9;   17.3;  74.0;eor
       1757;2024051906;    9;   14.7;  87.0;eor
       1757;2024051912;    9;   17.2;  81.0;eor
       1757;2024051918;    9;   15.4;  90.0;eor
       1757;2024052006;    9;   16.3;  86.0;eor
       1757;2024052012;    9;   19.4;  78.0;eor
       1757;2024052018;    9;   16.8;  76.0;eor
       1757;2024052106;    9;   14.0;  84.0;eor
       1757;2024052112;    9;   16.0;  82.0;eor
       1757;2024052118;    9;   15.9;  78.0;eor
       1757;2024052206;    9;   17.2;  78.0;eor
       1757;2024052212;    9;   21.0;  66.0;eor
       1757;2024052218;    9;   18.2;  73.0;eor
       1757;2024052306;    9;   16.3;  96.0;eor
       1757;2024052312;    9;   16.2;  86.0;eor
       1757;2024052318;    9;   18.6;  68.0;eor
       1757;2024052406;    9;   16.5;  84.0;eor
       1757;2024052412;    9;   19.2;  68.0;eor
       1757;2024052418;    9;   16.5;  71.0;eor
       1757;2024052506;    9;   15.2;  89.0;eor
       1757;2024052512;    9;   20.6;  77.0;eor
       1757;2024052518;    9;   18.9;  76.0;eor
       1757;2024052606;    9;   17.1;  83.0;eor
       1757;2024052612;    9;   19.0;  77.0;eor
       1757;2024052618;    9;   19.9;  74.0;eor
       1757;2024052706;    9;   18.3;  77.0;eor
       1757;2024052712;    9;   18.5;  73.0;eor
       1757;2024052718;    9;   20.1;  72.0;eor
       1757;2024052806;    9;   16.3;  89.0;eor
       1757;2024052812;    9;   16.4;  78.0;eor
       1757;2024052818;    9;   16.0;  72.0;eor
       1757;2024052906;    9;   15.6;  71.0;eor
       1757;2024052912;    9;   21.4;  47.0;eor
       1757;2024052918;    9;   18.7;  65.0;eor
       1757;2024053006;    9;   17.9;  74.0;eor
       1757;2024053012;    9;   20.6;  64.0;eor
       1757;2024053018;    9;   16.5;  91.0;eor
       1757;2024053106;    9;   17.4;  87.0;eor
       1757;2024053112;    9;   19.8;  79.0;eor
       1757;2024053118;    9;   17.8;  85.0;eor
       1757;2024060106;    9;   18.1;  83.0;eor
       1757;2024060112;    9;   19.9;  75.0;eor
       1757;2024060118;    9;   19.5;  78.0;eor
       1757;2024060206;    9;   17.6;  89.0;eor
       1757;2024060212;    9;   20.6;  73.0;eor
       1757;2024060218;    9;   19.4;  75.0;eor
       1757;2024060306;    9;   14.0;  81.0;eor
       1757;2024060312;    9;   17.5;  61.0;eor
       1757;2024060318;    9;   16.7;  73.0;eor
       1757;2024060406;    9;   14.8;  79.0;eor
       1757;2024060412;    9;   20.3;  49.0;eor
       1757;2024060418;    9;   18.6;  67.0;eor
       1757;2024060506;    9;   15.7;  72.0;eor
       1757;2024060512;    9;   16.7;  63.0;eor
       1757;2024060518;    9;   15.7;  61.0;eor
       1757;2024060606;    9;   12.4;  66.0;eor
       1757;2024060612;    9;   17.5;  49.0;eor
       1757;2024060618;    9;   16.4;  47.0;eor
       1757;2024060706;    9;   13.3;  71.0;eor
       1757;2024060712;    9;   17.4;  45.0;eor
       1757;2024060718;    9;   17.1;  49.0;eor
       1757;2024060806;    9;   13.9;  74.0;eor
       1757;2024060812;    9;   21.7;  42.0;eor
       1757;2024060818;    9;   18.4;  59.0;eor
       1757;2024060906;    9;   11.9;  75.0;eor
       1757;2024060912;    9;   16.0;  45.0;eor
       1757;2024060918;    9;   14.9;  57.0;eor
       1757;2024061006;    9;   11.8;  72.0;eor
       1757;2024061012;    9;   17.0;  38.0;eor
       1757;2024061018;    9;   14.1;  70.0;eor
       1757;2024061106;    9;   12.0;  84.0;eor
       1757;2024061112;    9;   14.8;  70.0;eor
       1757;2024061118;    9;   11.8;  88.0;eor
       1757;2024061206;    9;   11.4;  82.0;eor
       1757;2024061212;    9;   12.1;  72.0;eor
       1757;2024061218;    9;   13.1;  74.0;eor
       1757;2024061306;    9;   11.0;  77.0;eor
       1757;2024061312;    9;   15.3;  47.0;eor
       1757;2024061318;    9;   14.1;  60.0;eor
       1757;2024061406;    9;   12.8;  71.0;eor
       1757;2024061412;    9;   19.4;  45.0;eor
       1757;2024061418;    9;   17.5;  59.0;eor
       1757;2024061506;    9;   16.6;  68.0;eor
       1757;2024061512;    9;   18.1;  82.0;eor
       1757;2024061518;    9;   19.0;  53.0;eor
       1757;2024061606;    9;   16.7;  71.0;eor
       1757;2024061612;    9;   21.9;  41.0;eor
       1757;2024061618;    9;   19.4;  67.0;eor
       1757;2024061706;    9;   18.9;  68.0;eor
       1757;2024061712;    9;   21.4;  59.0;eor
       1757;2024061718;    9;   18.4;  80.0;eor
       1757;2024061806;    9;   16.7;  84.0;eor
       1757;2024061812;    9;   21.0;  60.0;eor
       1757;2024061818;    9;   17.5;  75.0;eor
       1757;2024061906;    9;   13.8;  93.0;eor
       1757;2024061912;    9;   17.3;  62.0;eor
       1757;2024061918;    9;   17.1;  54.0;eor
       1757;2024062006;    9;   13.4;  74.0;eor
       1757;2024062012;    9;   19.9;  52.0;eor
       1757;2024062018;    9;   17.8;  66.0;eor
       1757;2024062106;    9;   16.7;  80.0;eor
       1757;2024062112;    9;   23.4;  58.0;eor
       1757;2024062118;    9;   18.2;  82.0;eor
       1757;2024062206;    9;   18.9;  88.0;eor
       1757;2024062212;    9;   17.6;  71.0;eor
       1757;2024062218;    9;   18.1;  66.0;eor
       1757;2024062306;    9;   15.9;  74.0;eor
       1757;2024062312;    9;   19.5;  59.0;eor
       1757;2024062318;    9;   18.4;  70.0;eor
       1757;2024062406;    9;   16.7;  76.0;eor
       1757;2024062412;    9;   19.8;  67.0;eor
       1757;2024062418;    9;   18.5;  77.0;eor
       1757;2024062506;    9;   18.3;  76.0;eor
       1757;2024062512;    9;   20.5;  74.0;eor
       1757;2024062518;    9;   20.8;  66.0;eor
       1757;2024062606;    9;   19.3;  82.0;eor
       1757;2024062612;    9;   23.9;  71.0;eor
       1757;2024062618;    9;   22.6;  67.0;eor
       1757;2024062706;    9;   22.5;  78.0;eor
       1757;2024062712;    9;   27.3;  67.0;eor
       1757;2024062718;    9;   22.0;  79.0;eor
       1757;2024062806;    9;   21.1;  87.0;eor
       1757;2024062812;    9;   22.7;  85.0;eor
       1757;2024062818;    9;   21.0;  58.0;eor
       1757;2024062906;    9;   16.7;  75.0;eor
       1757;2024062912;    9;   21.3;  61.0;eor
       1757;2024062918;    9;   19.9;  70.0;eor
       1757;2024063006;    9;   18.5;  91.0;eor
       1757;2024063012;    9;   22.3;  80.0;eor
       1757;2024063018;    9;   17.7;  82.0;eor
       1757;2024070106;    9;   16.9;  89.0;eor
       1757;2024070112;    9;   18.6;  72.0;eor
       1757;2024070118;    9;   15.9;  77.0;eor
       1757;2024070206;    9;   14.6;  80.0;eor
       1757;2024070212;    9;   14.7;  89.0;eor
       1757;2024070218;    9;   14.7;  92.0;eor
       1757;2024070306;    9;   13.3;  81.0;eor
       1757;2024070312;    9;   16.4;  64.0;eor
       1757;2024070318;    9;   16.3;  61.0;eor
       1757;2024070406;    9;   13.3;  85.0;eor
       1757;2024070412;    9;   14.8;  89.0;eor
       1757;2024070418;    9;   16.9;  54.0;eor
       1757;2024070506;    9;   13.8;  67.0;eor
       1757;2024070512;    9;   20.1;  45.0;eor
       1757;2024070518;    9;   18.6;  58.0;eor
       1757;2024070606;    9;   16.9;  73.0;eor
       1757;2024070612;    9;   25.5;  49.0;eor
       1757;2024070618;    9;   20.8;  76.0;eor
       1757;2024070706;    9;   14.8;  66.0;eor
       1757;2024070712;    9;   19.9;  47.0;eor
       1757;2024070718;    9;   20.4;  47.0;eor
       1757;2024070806;    9;   18.8;  62.0;eor
       1757;2024070812;    9;   20.2;  58.0;eor
       1757;2024070818;    9;   19.2;  70.0;eor
       1757;2024070906;    9;   18.4;  78.0;eor
       1757;2024070912;    9;   23.5;  67.0;eor
       1757;2024070918;    9;   22.0;  66.0;eor
       1757;2024071006;    9;   24.3;  66.0;eor
       1757;2024071012;    9;   20.1;  97.0;eor
       1757;2024071018;    9;   23.1;  76.0;eor
       1757;2024071106;    9;   20.3;  87.0;eor
       1757;2024071112;    9;   20.5;  72.0;eor
       1757;2024071118;    9;   20.6;  67.0;eor
       1757;2024071206;    9;   20.2;  74.0;eor
       1757;2024071212;    9;   23.5;  65.0;eor
       1757;2024071218;    9;   20.6;  75.0;eor
       1757;2024071306;    9;   16.5;  82.0;eor
       1757;2024071312;    9;   17.5;  71.0;eor
       1757;2024071318;    9;   19.5;  61.0;eor
       1757;2024071406;    9;   16.6;  74.0;eor
       1757;2024071412;    9;   22.7;  44.0;eor
       1757;2024071418;    9;   19.5;  73.0;eor
       1757;2024071506;    9;   19.3;  66.0;eor
       1757;2024071512;    9;   25.5;  44.0;eor
       1757;2024071518;    9;   20.1;  71.0;eor
       1757;2024071606;    9;   18.1;  88.0;eor
       1757;2024071612;    9;   23.2;  71.0;eor
       1757;2024071618;    9;   20.2;  77.0;eor
       1757;2024071706;    9;   17.6;  79.0;eor
       1757;2024071712;    9;   20.0;  75.0;eor
       1757;2024071718;    9;   18.6;  83.0;eor
       1757;2024071806;    9;   16.8;  79.0;eor
       1757;2024071812;    9;   21.6;  59.0;eor
       1757;2024071818;    9;   20.5;  64.0;eor
       1757;2024071906;    9;   18.3;  80.0;eor
       1757;2024071912;    9;   23.4;  57.0;eor
       1757;2024071918;    9;   21.4;  64.0;eor
       1757;2024072006;    9;   19.5;  78.0;eor
       1757;2024072012;    9;   22.4;  64.0;eor
       1757;2024072018;    9;   21.9;  60.0;eor
       1757;2024072106;    9;   20.0;  79.0;eor
       1757;2024072112;    9;   26.7;  52.0;eor
       1757;2024072118;    9;   22.7;  64.0;eor
       1757;2024072206;    9;   19.9;  87.0;eor
       1757;2024072212;    9;   19.5;  90.0;eor
       1757;2024072218;    9;   18.9;  64.0;eor
       1757;2024072306;    9;   16.0;  77.0;eor
       1757;2024072312;    9;   25.0;  47.0;eor
       1757;2024072318;    9;   18.1;  90.0;eor
       1757;2024072406;    9;   17.8;  88.0;eor
       1757;2024072412;    9;   21.0;  59.0;eor
       1757;2024072418;    9;   19.5;  55.0;eor
       1757;2024072506;    9;   15.0;  79.0;eor
       1757;2024072512;    9;   20.9;  48.0;eor
       1757;2024072518;    9;   19.2;  63.0;eor
       1757;2024072606;    9;   16.5;  69.0;eor
       1757;2024072612;    9;   21.8;  57.0;eor
       1757;2024072618;    9;   18.8;  84.0;eor
       1757;2024072706;    9;   16.9;  93.0;eor
       1757;2024072712;    9;   19.9;  73.0;eor
       1757;2024072718;    9;   17.3;  91.0;eor
       1757;2024072806;    9;   15.7;  90.0;eor
       1757;2024072812;    9;   19.9;  57.0;eor
       1757;2024072818;    9;   20.0;  56.0;eor
       1757;2024072906;    9;   16.6;  79.0;eor
       1757;2024072912;    9;   21.0;  55.0;eor
       1757;2024072918;    9;   20.3;  59.0;eor
       1757;2024073006;    9;   16.6;  76.0;eor
       1757;2024073012;    9;   23.9;  44.0;eor
       1757;2024073018;    9;   20.7;  68.0;eor
       1757;2024073106;    9;   18.4;  81.0;eor
       1757;2024073112;    9;   23.6;  48.0;eor
       1757;2024073118;    9;   22.0;  63.0;eor
       1757;2024080106;    9;   17.2;  80.0;eor
       1757;2024080112;    9;   22.0;  56.0;eor
       1757;2024080118;    9;   19.1;  73.0;eor
       1757;2024080206;    9;   15.2;  89.0;eor
       1757;2024080212;    9;   21.0;  63.0;eor
       1757;2024080218;    9;   20.0;  60.0;eor
       1757;2024080306;    9;   15.0;  99.0;eor
       1757;2024080312;    9;   22.8;  60.0;eor
       1757;2024080318;    9;   20.4;  71.0;eor
       1757;2024080406;    9;   17.6;  94.0;eor
       1757;2024080412;    9;   22.4;  68.0;eor
       1757;2024080418;    9;   20.3;  71.0;eor
       1757;2024080506;    9;   16.4;  80.0;eor
       1757;2024080512;    9;   21.2;  55.0;eor
       1757;2024080518;    9;   18.9;  66.0;eor
       1757;2024080606;    9;   17.7;  74.0;eor
       1757;2024080612;    9;   22.2;  58.0;eor
       1757;2024080618;    9;   21.3;  65.0;eor
       1757;2024080706;    9;   19.5;  71.0;eor
       1757;2024080712;    9;   26.4;  45.0;eor
       1757;2024080718;    9;   22.1;  69.0;eor
       1757;2024080806;    9;   18.7;  78.0;eor
       1757;2024080812;    9;   21.2;  52.0;eor
       1757;2024080818;    9;   20.6;  58.0;eor
       1757;2024080906;    9;   18.3;  73.0;eor
       1757;2024080912;    9;   20.9;  71.0;eor
       1757;2024080918;    9;   20.8;  82.0;eor
       1757;2024081006;    9;   15.8;  79.0;eor
       1757;2024081012;    9;   22.5;  46.0;eor
       1757;2024081018;    9;   21.1;  56.0;eor
       1757;2024081106;    9;   16.6;  83.0;eor
       1757;2024081112;    9;   22.0;  48.0;eor
       1757;2024081118;    9;   20.5;  52.0;eor
       1757;2024081206;    9;   15.5;  81.0;eor
       1757;2024081212;    9;   20.3;  60.0;eor
       1757;2024081218;    9;   18.6;  67.0;eor
       1757;2024081306;    9;   16.2;  77.0;eor
       1757;2024081312;    9;   25.0;  46.0;eor
       1757;2024081318;    9;   20.7;  73.0;eor
       1757;2024081406;    9;   19.8;  60.0;eor
       1757;2024081412;    9;   28.6;  44.0;eor
       1757;2024081418;    9;   25.2;  48.0;eor
       1757;2024081506;    9;   19.5;  92.0;eor
       1757;2024081512;    9;   25.7;  64.0;eor
       1757;2024081518;    9;   22.1;  88.0;eor
       1757;2024081606;    9;   21.1;  81.0;eor
       1757;2024081612;    9;   26.4;  46.0;eor
       1757;2024081618;    9;   23.5;  65.0;eor
       1757;2024081706;    9;   18.9;  90.0;eor
       1757;2024081712;    9;   20.9;  62.0;eor
       1757;2024081718;    9;   18.7;  67.0;eor
       1757;2024081806;    9;   18.2;  71.0;eor
       1757;2024081812;    9;   20.2;  64.0;eor
       1757;2024081818;    9;   18.0;  72.0;eor
       1757;2024081906;    9;   15.4;  83.0;eor
       1757;2024081912;    9;   20.3;  57.0;eor
       1757;2024081918;    9;   17.5;  70.0;eor
       1757;2024082006;    9;   15.6;  74.0;eor
       1757;2024082012;    9;   24.4;  47.0;eor
       1757;2024082018;    9;   19.9;  73.0;eor
       1757;2024082106;    9;   18.7;  85.0;eor
       1757;2024082112;    9;   21.0;  49.0;eor
       1757;2024082118;    9;   16.5;  65.0;eor
       1757;2024082206;    9;   14.0;  77.0;eor
       1757;2024082212;    9;   19.1;  56.0;eor
       1757;2024082218;    9;   19.2;  64.0;eor
       1757;2024082306;    9;   18.7;  66.0;eor
       1757;2024082312;    9;   26.1;  35.0;eor
       1757;2024082318;    9;   23.2;  65.0;eor
       1757;2024082406;    9;   16.7;  74.0;eor
       1757;2024082412;    9;   28.3;  49.0;eor
       1757;2024082418;    9;   26.4;  53.0;eor
       1757;2024082506;    9;   18.3;  78.0;eor
       1757;2024082512;    9;   21.3;  47.0;eor
       1757;2024082518;    9;   18.3;  60.0;eor
       1757;2024082606;    9;   15.6;  73.0;eor
       1757;2024082612;    9;   22.9;  38.0;eor
       1757;2024082618;    9;   18.4;  57.0;eor
       1757;2024082706;    9;   14.5;  82.0;eor
       1757;2024082712;    9;   22.7;  51.0;eor
       1757;2024082718;    9;   19.7;  66.0;eor
       1757;2024082806;    9;   16.8;  86.0;eor
       1757;2024082812;    9;   26.1;  47.0;eor
       1757;2024082818;    9;   21.4;  72.0;eor
       1757;2024082906;    9;   21.7;  80.0;eor
       1757;2024082912;    9;   32.0;  43.0;eor
       1757;2024082918;    9;   27.1;  55.0;eor
       1757;2024083006;    9;   19.8;  88.0;eor
       1757;2024083012;    9;   19.3;  74.0;eor
       1757;2024083018;    9;   17.2;  74.0;eor
       1757;2024083106;    9;   14.0;  93.0;eor
       1757;2024083112;    9;   20.5;  52.0;eor
       1757;2024083118;    9;   15.5;  75.0;eor
       1757;2024090106;    9;   11.9;  96.0;eor
       1757;2024090112;    9;   19.7;  59.0;eor
       1757;2024090118;    9;   16.6;  75.0;eor
       1757;2024090206;    9;   13.2;  96.0;eor
       1757;2024090212;    9;   23.1;  42.0;eor
       1757;2024090218;    9;   18.4;  77.0;eor
       1757;2024090306;    9;   16.2;  92.0;eor
       1757;2024090312;    9;   25.5;  68.0;eor
       1757;2024090318;    9;   21.2;  91.0;eor
       1757;2024090406;    9;   22.0;  62.0;eor
       1757;2024090412;    9;   31.6;  37.0;eor
       1757;2024090418;    9;   23.5;  65.0;eor
       1757;2024090506;    9;   19.7;  79.0;eor
       1757;2024090512;    9;   27.3;  52.0;eor
       1757;2024090518;    9;   22.7;  61.0;eor
       1757;2024090606;    9;   19.5;  75.0;eor
       1757;2024090612;    9;   23.7;  70.0;eor
       1757;2024090618;    9;   21.3;  72.0;eor
       1757;2024090706;    9;   19.6;  63.0;eor
       1757;2024090712;    9;   29.0;  38.0;eor
       1757;2024090718;    9;   22.7;  67.0;eor
       1757;2024090806;    9;   20.8;  71.0;eor
       1757;2024090812;    9;   29.4;  44.0;eor
       1757;2024090818;    9;   23.1;  72.0;eor
       1757;2024090906;    9;   19.0;  93.0;eor
       1757;2024090912;    9;   18.2;  94.0;eor
       1757;2024090918;    9;   16.5;  88.0;eor
       1757;2024091006;    9;   14.6;  86.0;eor
       1757;2024091012;    9;   17.3;  60.0;eor
       1757;2024091018;    9;   16.1;  67.0;eor
       1757;2024091106;    9;   13.7;  93.0;eor
       1757;2024091112;    9;   13.2;  79.0;eor
       1757;2024091118;    9;   12.8;  64.0;eor
       1757;2024091206;    9;    7.6;  90.0;eor
       1757;2024091212;    9;   14.5;  58.0;eor
       1757;2024091218;    9;   10.9;  76.0;eor
       1757;2024091306;    9;    8.9;  88.0;eor
       1757;2024091312;    9;   16.0;  64.0;eor
       1757;2024091318;    9;   14.5;  65.0;eor
       1757;2024091406;    9;   13.1;  67.0;eor
       1757;2024091412;    9;   16.4;  55.0;eor
       1757;2024091418;    9;   14.4;  68.0;eor
       1757;2024091506;    9;   12.6;  75.0;eor
       1757;2024091512;    9;   17.6;  55.0;eor
       1757;2024091518;    9;   14.6;  71.0;eor
       1757;2024091606;    9;   14.5;  74.0;eor
       1757;2024091612;    9;   16.0;  85.0;eor
       1757;2024091618;    9;   15.8;  94.0;eor
       1757;2024091706;    9;   16.3;  87.0;eor
       1757;2024091712;    9;   17.4;  84.0;eor
       1757;2024091718;    9;   16.3;  85.0;eor
       1757;2024091806;    9;   16.0;  90.0;eor
       1757;2024091812;    9;   17.9;  82.0;eor
       1757;2024091818;    9;   16.3;  87.0;eor
       1757;2024091906;    9;   16.6;  90.0;eor
       1757;2024091912;    9;   18.8;  80.0;eor
       1757;2024091918;    9;   17.4;  93.0;eor
       1757;2024092006;    9;   11.3; 100.0;eor
       1757;2024092012;    9;   20.2;  70.0;eor
       1757;2024092018;    9;   15.3;  91.0;eor
       1757;2024092106;    9;    8.9;  99.0;eor
       1757;2024092112;    9;   22.3;  34.0;eor
       1757;2024092118;    9;   15.1;  84.0;eor
       1757;2024092206;    9;    8.7;  99.0;eor
       1757;2024092212;    9;   23.1;  40.0;eor
       1757;2024092218;    9;   15.5;  84.0;eor
       1757;2024092306;    9;    9.5;  98.0;eor
       1757;2024092312;    9;   21.0;  65.0;eor
       1757;2024092318;    9;   15.6;  91.0;eor
       1757;2024092406;    9;   13.9;  86.0;eor
       1757;2024092412;    9;   19.1;  73.0;eor
       1757;2024092418;    9;   13.4;  91.0;eor
       1757;2024092506;    9;   14.3;  87.0;eor
       1757;2024092512;    9;   17.8;  66.0;eor
       1757;2024092518;    9;   14.2;  87.0;eor
       1757;2024092606;    9;   13.2;  94.0;eor
       1757;2024092612;    9;   14.9;  94.0;eor
       1757;2024092618;    9;   16.3;  80.0;eor
       1757;2024092706;    9;   14.6;  79.0;eor
       1757;2024092712;    9;   17.3;  52.0;eor
       1757;2024092718;    9;   14.4;  68.0;eor
       1757;2024092806;    9;   10.4;  82.0;eor
       1757;2024092812;    9;   11.1;  80.0;eor
       1757;2024092818;    9;    9.6;  74.0;eor
       1757;2024092906;    9;    8.0;  84.0;eor
       1757;2024092912;    9;   12.9;  56.0;eor
       1757;2024092918;    9;    7.5;  89.0;eor
       1757;2024093006;    9;    4.1;  98.0;eor
       1757;2024093012;    9;   14.0;  48.0;eor
       1757;2024093018;    9;   11.0;  65.0;eor
       1757;2024100106;    9;    8.8;  72.0;eor
       1757;2024100112;    9;   11.6;  62.0;eor
       1757;2024100118;    9;    9.1;  92.0;eor
       1757;2024100206;    9;    9.5;  75.0;eor
       1757;2024100212;    9;   12.0;  77.0;eor
       1757;2024100218;    9;   11.9;  76.0;eor
       1757;2024100306;    9;   10.7;  92.0;eor
       1757;2024100312;    9;   12.6;  79.0;eor
       1757;2024100318;    9;   12.5;  76.0;eor
       1757;2024100406;    9;    7.0;  97.0;eor
       1757;2024100412;    9;   14.1;  65.0;eor
       1757;2024100418;    9;   10.9;  84.0;eor
       1757;2024100506;    9;    3.8;  97.0;eor
       1757;2024100512;    9;   14.0;  69.0;eor
       1757;2024100518;    9;    7.5;  94.0;eor
       1757;2024100606;    9;    3.9;  97.0;eor
       1757;2024100612;    9;   12.3;  65.0;eor
       1757;2024100618;    9;   10.0;  85.0;eor
       1757;2024100706;    9;    8.4;  88.0;eor
       1757;2024100712;    9;   13.4;  72.0;eor
       1757;2024100718;    9;   12.5;  85.0;eor
       1757;2024100806;    9;   10.5;  98.0;eor
       1757;2024100812;    9;   17.3;  80.0;eor
       1757;2024100818;    9;   15.7;  96.0;eor
       1757;2024100906;    9;   13.6;  97.0;eor
       1757;2024100912;    9;   17.2;  76.0;eor
       1757;2024100918;    9;   15.7;  82.0;eor
       1757;2024101006;    9;   14.2;  93.0;eor
       1757;2024101012;    9;   14.1;  86.0;eor
       1757;2024101018;    9;   11.1;  74.0;eor
       1757;2024101106;    9;    7.4;  87.0;eor
       1757;2024101112;    9;   12.2;  62.0;eor
       1757;2024101118;    9;    8.5;  78.0;eor
       1757;2024101206;    9;    3.5;  94.0;eor
       1757;2024101212;    9;   13.4;  55.0;eor
       1757;2024101218;    9;    9.4;  74.0;eor
       1757;2024101306;    9;    8.7;  94.0;eor
       1757;2024101312;    9;    9.7;  84.0;eor
       1757;2024101318;    9;    9.9;  84.0;eor
       1757;2024101406;    9;    9.0;  90.0;eor
       1757;2024101412;    9;   12.4;  79.0;eor
       1757;2024101418;    9;    9.7;  78.0;eor
       1757;2024101506;    9;    4.5;  93.0;eor
       1757;2024101512;    9;   11.5;  58.0;eor
       1757;2024101518;    9;    4.9;  95.0;eor
       1757;2024101606;    9;    3.8;  96.0;eor
       1757;2024101612;    9;   12.1;  59.0;eor
       1757;2024101618;    9;   10.3;  66.0;eor
       1757;2024101706;    9;    7.4;  79.0;eor
       1757;2024101712;    9;   13.9;  62.0;eor
       1757;2024101718;    9;   12.2;  75.0;eor
       1757;2024101806;    9;    8.5;  88.0;eor
       1757;2024101812;    9;   15.5;  69.0;eor
       1757;2024101818;    9;   12.4;  80.0;eor
       1757;2024101906;    9;    9.4;  81.0;eor
       1757;2024101912;    9;   16.4;  68.0;eor
       1757;2024101918;    9;   15.5;  79.0;eor
       1757;2024102006;    9;   12.0;  93.0;eor
       1757;2024102012;    9;   17.8;  71.0;eor
       1757;2024102018;    9;   14.2;  72.0;eor
       1757;2024102106;    9;   14.8;  88.0;eor
       1757;2024102112;    9;   18.1;  74.0;eor
       1757;2024102118;    9;   15.4;  78.0;eor
       1757;2024102206;    9;   13.5;  97.0;eor
       1757;2024102212;    9;   12.4;  87.0;eor
       1757;2024102218;    9;   11.4;  81.0;eor
       1757;2024102306;    9;    7.9;  96.0;eor
       1757;2024102312;    9;   12.4;  77.0;eor
       1757;2024102318;    9;    9.7;  95.0;eor
       1757;2024102406;    9;    5.2;  99.0;eor
       1757;2024102412;    9;   14.1;  71.0;eor
       1757;2024102418;    9;    7.9;  96.0;eor
       1757;2024102506;    9;    6.8;  93.0;eor
       1757;2024102512;    9;   14.3;  74.0;eor
       1757;2024102518;    9;    9.8;  97.0;eor
       1757;2024102606;    9;    6.7;  98.0;eor
       1757;2024102612;    9;   15.7;  78.0;eor
       1757;2024102618;    9;    8.1;  99.0;eor
       1757;2024102706;    9;    9.7;  94.0;eor
       1757;2024102712;    9;   13.4;  82.0;eor
       1757;2024102718;    9;   11.7;  88.0;eor
       1757;2024102806;    9;    8.0;  97.0;eor
       1757;2024102812;    9;   12.5;  84.0;eor
       1757;2024102818;    9;   11.5;  94.0;eor
       1757;2024102906;    9;   12.9;  95.0;eor
       1757;2024102912;    9;   13.8;  91.0;eor
       1757;2024102918;    9;   13.3;  97.0;eor
       1757;2024103006;    9;   13.5;  91.0;eor
       1757;2024103012;    9;   12.7;  81.0;eor
       1757;2024103018;    9;   10.5;  81.0;eor
       1757;2024103106;    9;    8.5;  92.0;eor
       1757;2024103112;    9;   12.1;  80.0;eor
       1757;2024103118;    9;   12.3;  81.0;eor
       1757;2024110106;    9;   12.9;  82.0;eor
       1757;2024110112;    9;   13.9;  79.0;eor
       1757;2024110118;    9;   12.7;  91.0;eor
       1757;2024110206;    9;    7.1;  57.0;eor
       1757;2024110212;    9;    9.2;  38.0;eor
       1757;2024110218;    9;    2.4;  83.0;eor
       1757;2024110306;    9;    2.7;  78.0;eor
       1757;2024110312;    9;    9.7;  66.0;eor
       1757;2024110318;    9;    9.0;  84.0;eor
       1757;2024110406;    9;    9.6;  96.0;eor
       1757;2024110412;    9;   12.4;  83.0;eor
       1757;2024110418;    9;   10.1;  96.0;eor
       1757;2024110506;    9;    9.1;  78.0;eor
       1757;2024110512;    9;    9.3;  74.0;eor
       1757;2024110518;    9;    7.1;  88.0;eor
       1757;2024110606;    9;    7.4;  86.0;eor
       1757;2024110612;    9;    7.4;  83.0;eor
       1757;2024110618;    9;    6.9;  84.0;eor
       1757;2024110706;    9;    6.6;  90.0;eor
       1757;2024110712;    9;    7.9;  89.0;eor
       1757;2024110718;    9;    8.1;  94.0;eor
       1757;2024110806;    9;    7.2;  97.0;eor
       1757;2024110812;    9;    7.1;  79.0;eor
       1757;2024110818;    9;    5.0;  82.0;eor
       1757;2024110906;    9;    3.3;  89.0;eor
       1757;2024110912;    9;    3.9;  84.0;eor
       1757;2024110918;    9;    2.7;  88.0;eor
       1757;2024111006;    9;    0.7;  96.0;eor
       1757;2024111012;    9;    1.2;  91.0;eor
       1757;2024111018;    9;    1.9;  95.0;eor
       1757;2024111106;    9;    3.2;  93.0;eor
       1757;2024111112;    9;    5.1;  88.0;eor
       1757;2024111118;    9;    4.2;  93.0;eor
       1757;2024111206;    9;    4.2;  96.0;eor
       1757;2024111212;    9;    6.6;  82.0;eor
       1757;2024111218;    9;    6.9;  89.0;eor
       1757;2024111306;    9;    3.6;  95.0;eor
       1757;2024111312;    9;    9.3;  70.0;eor
       1757;2024111318;    9;    6.5;  91.0;eor
       1757;2024111406;    9;    8.3;  92.0;eor
       1757;2024111412;    9;   10.0;  75.0;eor
       1757;2024111418;    9;    8.6;  87.0;eor
       1757;2024111506;    9;    5.0;  98.0;eor
       1757;2024111512;    9;    8.6;  97.0;eor
       1757;2024111518;    9;   10.2;  97.0;eor
       1757;2024111606;    9;    8.1;  77.0;eor
       1757;2024111612;    9;    8.4;  74.0;eor
       1757;2024111618;    9;    7.7;  81.0;eor
       1757;2024111706;    9;    7.2;  91.0;eor
       1757;2024111712;    9;    8.1;  75.0;eor
       1757;2024111718;    9;    5.4;  83.0;eor
       1757;2024111806;    9;    3.7;  80.0;eor
       1757;2024111812;    9;    5.4;  77.0;eor
       1757;2024111818;    9;    4.2;  79.0;eor
       1757;2024111906;    9;    1.6;  88.0;eor
       1757;2024111912;    9;    1.7;  93.0;eor
       1757;2024111918;    9;    2.9;  92.0;eor
       1757;2024112006;    9;    0.5;  98.0;eor
       1757;2024112012;    9;    3.0;  84.0;eor
       1757;2024112018;    9;    0.6;  94.0;eor
       1757;2024112106;    9;    0.0;  91.0;eor
       1757;2024112112;    9;    1.3;  87.0;eor
       1757;2024112118;    9;    1.7;  82.0;eor
       1757;2024112206;    9;    0.7;  89.0;eor
       1757;2024112212;    9;    2.7;  72.0;eor
       1757;2024112218;    9;    2.8;  79.0;eor
       1757;2024112306;    9;    1.1;  88.0;eor
       1757;2024112312;    9;    3.2;  81.0;eor
       1757;2024112318;    9;    3.1;  82.0;eor
       1757;2024112406;    9;    3.7;  94.0;eor
       1757;2024112412;    9;    8.7;  92.0;eor
       1757;2024112418;    9;   11.5;  75.0;eor
       1757;2024112506;    9;   12.3;  64.0;eor
       1757;2024112512;    9;   14.3;  59.0;eor
       1757;2024112518;    9;   14.0;  58.0;eor
       1757;2024112606;    9;    9.0;  83.0;eor
       1757;2024112612;    9;   10.1;  72.0;eor
       1757;2024112618;    9;    7.6;  79.0;eor
       1757;2024112706;    9;    5.3;  89.0;eor
       1757;2024112712;    9;    6.2;  82.0;eor
       1757;2024112718;    9;    5.6;  88.0;eor
       1757;2024112806;    9;    6.2;  91.0;eor
       1757;2024112812;    9;    7.9;  85.0;eor
       1757;2024112818;    9;    6.2;  93.0;eor
       1757;2024112906;    9;    4.6;  82.0;eor
       1757;2024112912;    9;    4.7;  79.0;eor
       1757;2024112918;    9;    4.8;  79.0;eor
       1757;2024113006;    9;    3.4;  79.0;eor
       1757;2024113012;    9;    5.7;  68.0;eor
       1757;2024113018;    9;    2.8;  79.0;eor
       1757;2024120106;    9;   -0.9;  92.0;eor
       1757;2024120112;    9;    3.2;  74.0;eor
       1757;2024120118;    9;    1.2;  85.0;eor
       1757;2024120206;    9;    1.8;  83.0;eor
       1757;2024120212;    9;    6.4;  82.0;eor
       1757;2024120218;    9;    6.3;  84.0;eor
       1757;2024120306;    9;    7.1;  92.0;eor
       1757;2024120312;    9;    7.3;  86.0;eor
       1757;2024120318;    9;    6.6;  93.0;eor
       1757;2024120406;    9;    4.6;  96.0;eor
       1757;2024120412;    9;    5.1;  94.0;eor
       1757;2024120418;    9;    5.4;  96.0;eor
       1757;2024120506;    9;    2.7;  96.0;eor
       1757;2024120512;    9;    5.0;  86.0;eor
       1757;2024120518;    9;    2.1;  89.0;eor
       1757;2024120606;    9;    2.2;  88.0;eor
       1757;2024120612;    9;    3.0;  90.0;eor
       1757;2024120618;    9;    2.8;  92.0;eor
       1757;2024120706;    9;    3.3;  96.0;eor
       1757;2024120712;    9;    5.8;  88.0;eor
       1757;2024120718;    9;    5.3;  86.0;eor
       1757;2024120806;    9;    4.6;  91.0;eor
       1757;2024120812;    9;    5.6;  79.0;eor
       1757;2024120818;    9;    5.2;  81.0;eor
       1757;2024120906;    9;    5.6;  90.0;eor
       1757;2024120912;    9;    5.9;  83.0;eor
       1757;2024120918;    9;    5.5;  86.0;eor
       1757;2024121006;    9;    5.0;  87.0;eor
       1757;2024121012;    9;    5.2;  85.0;eor
       1757;2024121018;    9;    4.7;  79.0;eor
       1757;2024121106;    9;    2.4;  82.0;eor
       1757;2024121112;    9;    2.1;  80.0;eor
       1757;2024121118;    9;    1.3;  84.0;eor
       1757;2024121206;    9;    2.3;  93.0;eor
       1757;2024121212;    9;    3.8;  87.0;eor
       1757;2024121218;    9;    3.2;  88.0;eor
       1757;2024121306;    9;    2.7;  88.0;eor
       1757;2024121312;    9;    3.3;  79.0;eor
       1757;2024121318;    9;    1.4;  80.0;eor
       1757;2024121406;    9;    0.1;  80.0;eor
       1757;2024121412;    9;    0.0;  87.0;eor
       1757;2024121418;    9;    2.6;  92.0;eor
       1757;2024121506;    9;    3.9;  88.0;eor
       1757;2024121512;    9;    6.2;  84.0;eor
       1757;2024121518;    9;    7.2;  95.0;eor
       1757;2024121606;    9;   10.3;  92.0;eor
       1757;2024121612;    9;    9.9;  95.0;eor
       1757;2024121618;    9;    9.6;  84.0;eor
       1757;2024121706;    9;    9.7;  84.0;eor
       1757;2024121712;    9;    9.0;  93.0;eor
       1757;2024121718;    9;    9.0;  88.0;eor
       1757;2024121806;    9;    6.5;  85.0;eor
       1757;2024121812;    9;    8.2;  75.0;eor
       1757;2024121818;    9;   10.6;  79.0;eor
       1757;2024121906;    9;   10.4;  83.0;eor
       1757;2024121912;    9;   11.6;  89.0;eor
       1757;2024121918;    9;    6.2;  86.0;eor
       1757;2024122006;    9;    6.5;  67.0;eor
       1757;2024122012;    9;    6.4;  64.0;eor
       1757;2024122018;    9;    4.1;  86.0;eor
       1757;2024122106;    9;    4.2;  84.0;eor
       1757;2024122112;    9;    6.2;  87.0;eor
       1757;2024122118;    9;    6.6;  81.0;eor
       1757;2024122206;    9;    6.8;  89.0;eor
       1757;2024122212;    9;    6.3;  83.0;eor
       1757;2024122218;    9;    4.9;  82.0;eor
       1757;2024122306;    9;    3.0;  87.0;eor
       1757;2024122312;    9;    4.3;  93.0;eor
       1757;2024122318;    9;    5.0;  94.0;eor
       1757;2024122406;    9;    4.3;  92.0;eor
       1757;2024122412;    9;    5.4;  86.0;eor
       1757;2024122418;    9;    3.6;  92.0;eor
       1757;2024122506;    9;    3.4;  87.0;eor
       1757;2024122512;    9;    5.7;  89.0;eor
       1757;2024122518;    9;    6.1;  97.0;eor
       1757;2024122606;    9;    7.3;  98.0;eor
       1757;2024122612;    9;    7.5;  94.0;eor
       1757;2024122618;    9;    6.8;  95.0;eor
       1757;2024122706;    9;    5.6;  96.0;eor
       1757;2024122712;    9;    4.8;  97.0;eor
       1757;2024122718;    9;    4.4;  97.0;eor
       1757;2024122806;    9;    2.3;  97.0;eor
       1757;2024122812;    9;    1.6;  98.0;eor
       1757;2024122818;    9;    0.7;  98.0;eor
       1757;2024122906;    9;   -0.3;  97.0;eor
       1757;2024122912;    9;    1.7;  96.0;eor
       1757;2024122918;    9;    2.8;  93.0;eor
       1757;2024123006;    9;    5.6;  92.0;eor
       1757;2024123012;    9;    6.3;  88.0;eor
       1757;2024123018;    9;    5.8;  84.0;eor
       1757;2024123106;    9;    7.1;  85.0;eor
       1757;2024123112;    9;    5.8;  77.0;eor
       1757;2024123118;    9;    3.5;  85.0;eor
       1757;2025010106;    9;    5.7;  78.0;eor
       1757;2025010112;    9;    7.7;  74.0;eor
       1757;2025010118;    9;    7.2;  81.0;eor
       1757;2025010206;    9;    3.2;  72.0;eor
       1757;2025010212;    9;    2.9;  61.0;eor
       1757;2025010218;    9;    0.4;  80.0;eor
       1757;2025010306;    9;    0.4;  86.0;eor
       1757;2025010312;    9;    0.0;  92.0;eor
       1757;2025010318;    9;   -1.2;  69.0;eor
       1757;2025010406;    9;   -5.1;  86.0;eor
       1757;2025010412;    9;   -1.3;  86.0;eor
       1757;2025010418;    9;    0.4;  84.0;eor
       1757;2025010506;    9;    0.5;  87.0;eor
       1757;2025010512;    9;    0.4;  81.0;eor
       1757;2025010518;    9;    0.5;  70.0;eor
       1757;2025010606;    9;    2.4;  96.0;eor
       1757;2025010612;    9;    8.1;  93.0;eor
       1757;2025010618;    9;    9.1;  76.0;eor
       1757;2025010706;    9;    5.5;  68.0;eor
       1757;2025010712;    9;    5.7;  68.0;eor
       1757;2025010718;    9;    3.2;  78.0;eor
       1757;2025010806;    9;    2.4;  79.0;eor
       1757;2025010812;    9;    4.1;  70.0;eor
       1757;2025010818;    9;    4.2;  69.0;eor
       1757;2025010906;    9;    0.3;  85.0;eor
       1757;2025010912;    9;    2.8;  77.0;eor
       1757;2025010918;    9;    1.0;  90.0;eor
       1757;2025011006;    9;    1.0;  93.0;eor
       1757;2025011012;    9;    2.4;  89.0;eor
       1757;2025011018;    9;    1.4;  80.0;eor
       1757;2025011106;    9;    1.2;  78.0;eor
       1757;2025011112;    9;    0.4;  88.0;eor
       1757;2025011118;    9;    1.4;  66.0;eor
       1757;2025011206;    9;   -0.6;  78.0;eor
       1757;2025011212;    9;    0.3;  73.0;eor
       1757;2025011218;    9;   -2.3;  88.0;eor
       1757;2025011306;    9;   -3.5;  90.0;eor
       1757;2025011312;    9;   -0.1;  83.0;eor
       1757;2025011318;    9;   -0.5;  81.0;eor
       1757;2025011406;    9;   -0.1;  74.0;eor
       1757;2025011412;    9;    0.6;  90.0;eor
       1757;2025011418;    9;    2.3;  96.0;eor
       1757;2025011506;    9;    5.0;  92.0;eor
       1757;2025011512;    9;    4.3;  95.0;eor
       1757;2025011518;    9;    3.4;  97.0;eor
       1757;2025011606;    9;    2.2;  97.0;eor
       1757;2025011612;    9;    3.4;  91.0;eor
       1757;2025011618;    9;    4.3;  96.0;eor
       1757;2025011706;    9;    1.3;  98.0;eor
       1757;2025011712;    9;    1.3;  92.0;eor
       1757;2025011718;    9;    0.7;  95.0;eor
       1757;2025011806;    9;   -0.4;  97.0;eor
       1757;2025011812;    9;    0.3;  97.0;eor
       1757;2025011818;    9;   -0.6;  98.0;eor
       1757;2025011906;    9;   -3.2;  96.0;eor
       1757;2025011912;    9;    1.1;  81.0;eor
       1757;2025011918;    9;   -2.0;  97.0;eor
       1757;2025012006;    9;   -2.8;  94.0;eor
       1757;2025012012;    9;    4.0;  75.0;eor
       1757;2025012018;    9;    0.6;  91.0;eor
       1757;2025012106;    9;   -0.8;  92.0;eor
       1757;2025012112;    9;    0.7;  85.0;eor
       1757;2025012118;    9;    0.6;  88.0;eor
       1757;2025012206;    9;   -2.1;  97.0;eor
       1757;2025012212;    9;   -1.4;  95.0;eor
       1757;2025012218;    9;   -0.3;  84.0;eor
       1757;2025012306;    9;    0.6;  82.0;eor
       1757;2025012312;    9;    2.7;  91.0;eor
       1757;2025012318;    9;    4.5;  84.0;eor
       1757;2025012406;    9;    2.1;  83.0;eor
       1757;2025012412;    9;    6.1;  76.0;eor
       1757;2025012418;    9;    6.5;  81.0;eor
       1757;2025012506;    9;    5.9;  91.0;eor
       1757;2025012512;    9;    9.9;  81.0;eor
       1757;2025012518;    9;    4.5;  93.0;eor
       1757;2025012606;    9;    3.2;  88.0;eor
       1757;2025012612;    9;    2.4;  96.0;eor
       1757;2025012618;    9;    2.5;  96.0;eor
       1757;2025012706;    9;    2.9;  89.0;eor
       1757;2025012712;    9;    8.2;  86.0;eor
       1757;2025012718;    9;    9.5;  82.0;eor
       1757;2025012806;    9;    5.6;  93.0;eor
       1757;2025012812;    9;    7.7;  84.0;eor
       1757;2025012818;    9;    6.2;  89.0;eor
       1757;2025012906;    9;    3.9;  93.0;eor
       1757;2025012912;    9;    7.2;  82.0;eor
       1757;2025012918;    9;    6.5;  85.0;eor
       1757;2025013006;    9;    4.6;  84.0;eor
       1757;2025013012;    9;    7.0;  77.0;eor
       1757;2025013018;    9;    5.7;  94.0;eor
       1757;2025013106;    9;    2.2;  94.0;eor
       1757;2025013112;    9;    2.5;  93.0;eor
       1757;2025013118;    9;    3.7;  87.0;eor
       1757;2025020106;    9;    3.2;  92.0;eor
       1757;2025020112;    9;    5.1;  80.0;eor
       1757;2025020118;    9;    3.9;  87.0;eor
       1757;2025020206;    9;    1.0;  97.0;eor
       1757;2025020212;    9;    3.8;  82.0;eor
       1757;2025020218;    9;    2.9;  82.0;eor
       1757;2025020306;    9;   -1.2;  91.0;eor
       1757;2025020312;    9;    5.0;  59.0;eor
       1757;2025020318;    9;    0.2;  83.0;eor
       1757;2025020406;    9;   -1.8;  86.0;eor
       1757;2025020412;    9;    3.6;  73.0;eor
       1757;2025020418;    9;    2.1;  81.0;eor
       1757;2025020506;    9;    0.8;  86.0;eor
       1757;2025020512;    9;    4.4;  85.0;eor
       1757;2025020518;    9;    4.2;  91.0;eor
       1757;2025020606;    9;    3.0;  98.0;eor
       1757;2025020612;    9;    4.2;  82.0;eor
       1757;2025020618;    9;    3.1;  90.0;eor
       1757;2025020706;    9;    2.7;  88.0;eor
       1757;2025020712;    9;    4.6;  83.0;eor
       1757;2025020718;    9;    2.3;  84.0;eor
       1757;2025020806;    9;    0.1;  71.0;eor
       1757;2025020812;    9;    1.0;  70.0;eor
       1757;2025020818;    9;   -0.6;  80.0;eor
       1757;2025020906;    9;   -3.3;  94.0;eor
       1757;2025020912;    9;    2.1;  81.0;eor
       1757;2025020918;    9;    2.1;  85.0;eor
       1757;2025021006;    9;    1.5;  81.0;eor
       1757;2025021012;    9;    2.6;  72.0;eor
       1757;2025021018;    9;    0.9;  80.0;eor
       1757;2025021106;    9;   -2.2;  81.0;eor
       1757;2025021112;    9;    1.1;  64.0;eor
       1757;2025021118;    9;    0.2;  71.0;eor
       1757;2025021206;    9;   -5.7;  82.0;eor
       1757;2025021212;    9;   -4.0;  79.0;eor
       1757;2025021218;    9;   -5.0;  91.0;eor
       1757;2025021306;    9;   -0.6;  82.0;eor
       1757;2025021312;    9;    0.2;  94.0;eor
       1757;2025021318;    9;    1.4;  84.0;eor
       1757;2025021406;    9;    0.9;  74.0;eor
       1757;2025021412;    9;    1.3;  72.0;eor
       1757;2025021418;    9;   -1.1;  81.0;eor
       1757;2025021506;    9;   -1.4;  83.0;eor
       1757;2025021512;    9;    0.3;  59.0;eor
       1757;2025021518;    9;   -0.8;  77.0;eor
       1757;2025021606;    9;   -1.4;  73.0;eor
       1757;2025021612;    9;   -0.2;  55.0;eor
       1757;2025021618;    9;   -4.3;  72.0;eor
       1757;2025021706;    9;   -8.2;  82.0;eor
       1757;2025021712;    9;   -1.0;  55.0;eor
       1757;2025021718;    9;   -3.3;  67.0;eor
       1757;2025021806;    9;   -6.1;  78.0;eor
       1757;2025021812;    9;    1.8;  66.0;eor
       1757;2025021818;    9;   -1.0;  79.0;eor
       1757;2025021906;    9;   -5.5;  91.0;eor
       1757;2025021912;    9;   -0.6;  91.0;eor
       1757;2025021918;    9;   -3.8;  95.0;eor
       1757;2025022006;    9;   -5.0;  86.0;eor
       1757;2025022012;    9;    1.4;  63.0;eor
       1757;2025022018;    9;    0.3;  57.0;eor
       1757;2025022106;    9;    1.1;  70.0;eor
       1757;2025022112;    9;    4.8;  78.0;eor
       1757;2025022118;    9;    4.5;  82.0;eor
       1757;2025022206;    9;    2.3;  81.0;eor
       1757;2025022212;    9;    9.2;  54.0;eor
       1757;2025022218;    9;    6.5;  60.0;eor
       1757;2025022306;    9;    6.4;  78.0;eor
       1757;2025022312;    9;    8.6;  85.0;eor
       1757;2025022318;    9;    2.5;  98.0;eor
       1757;2025022406;    9;    2.4;  94.0;eor
       1757;2025022412;    9;   12.1;  62.0;eor
       1757;2025022418;    9;   12.0;  63.0;eor
       1757;2025022506;    9;    7.9;  96.0;eor
       1757;2025022512;    9;    9.9;  85.0;eor
       1757;2025022518;    9;    6.3;  94.0;eor
       1757;2025022606;    9;    4.9;  97.0;eor
       1757;2025022612;    9;    7.3;  93.0;eor
       1757;2025022618;    9;    5.2;  95.0;eor
       1757;2025022706;    9;    4.4;  98.0;eor
       1757;2025022712;    9;    6.2;  86.0;eor
       1757;2025022718;    9;    4.3;  95.0;eor
       1757;2025022806;    9;    3.5;  96.0;eor
       1757;2025022812;    9;    3.8;  96.0;eor
       1757;2025022818;    9;    3.5;  90.0;eor
       1757;2025030106;    3;    0.8;  98.0;eor
       1757;2025030112;    3;    2.6;  82.0;eor
       1757;2025030118;    3;    1.4;  89.0;eor
       1757;2025030206;    3;    2.2;  91.0;eor
       1757;2025030212;    3;    5.2;  87.0;eor
       1757;2025030218;    3;    5.7;  81.0;eor
       1757;2025030306;    3;    3.4;  77.0;eor
       1757;2025030312;    3;    8.7;  64.0;eor
       1757;2025030318;    3;    7.2;  67.0;eor
       1757;2025030406;    3;    5.2;  81.0;eor
       1757;2025030412;    3;    9.6;  69.0;eor
       1757;2025030418;    3;    8.1;  79.0;eor
       1757;2025030506;    3;    4.6;  79.0;eor
       1757;2025030512;    3;   12.4;  41.0;eor
       1757;2025030518;    3;   11.5;  42.0;eor
       1757;2025030606;    3;    4.6;  64.0;eor
       1757;2025030612;    3;   14.0;  41.0;eor
       1757;2025030618;    3;    8.9;  65.0;eor
       1757;2025030706;    3;    1.0;  90.0;eor
       1757;2025030712;    3;   16.2;  43.0;eor
       1757;2025030718;    3;   10.5;  58.0;eor
       1757;2025030806;    3;   -0.2;  92.0;eor
       1757;2025030812;    3;   14.8;  49.0;eor
       1757;2025030818;    3;    5.4;  83.0;eor
       1757;2025030906;    3;    2.5;  97.0;eor
       1757;2025030912;    3;    7.3;  74.0;eor
       1757;2025030918;    3;    4.2;  89.0;eor
       1757;2025031006;    3;   -1.1;  97.0;eor
       1757;2025031012;    3;   10.2;  67.0;eor
       1757;2025031018;    3;    2.8;  96.0;eor
       1757;2025031106;    3;    2.8;  96.0;eor
       1757;2025031112;    3;    4.6;  87.0;eor
       1757;2025031118;    3;    3.5;  89.0;eor
       1757;2025031206;    3;    3.9;  94.0;eor
       1757;2025031212;    3;    5.7;  71.0;eor
       1757;2025031218;    3;    5.2;  74.0;eor
       1757;2025031306;    3;    1.1;  94.0;eor
       1757;2025031312;    3;    5.7;  68.0;eor
       1757;2025031318;    3;    3.8;  85.0;eor
       1757;2025031406;    3;    2.4;  90.0;eor
       1757;2025031412;    3;    4.9;  74.0;eor
       1757;2025031418;    3;    3.5;  80.0;eor
       1757;2025031506;    3;    3.4;  80.0;eor
       1757;2025031512;    3;    5.2;  74.0;eor
       1757;2025031518;    3;    2.6;  93.0;eor
       1757;2025031606;    3;   -2.4;  96.0;eor
       1757;2025031612;    3;    5.4;  76.0;eor
       1757;2025031618;    3;    5.8;  83.0;eor
       1757;2025031706;    3;    1.1;  67.0;eor
       1757;2025031712;    3;    4.3;  42.0;eor
       1757;2025031718;    3;    0.5;  47.0;eor
       1757;2025031806;    3;   -1.8;  62.0;eor
       1757;2025031812;    3;    7.8;  49.0;eor
       1757;2025031818;    3;    4.2;  67.0;eor
       1757;2025031906;    3;   -0.9;  61.0;eor
       1757;2025031912;    3;    9.9;  30.0;eor
       1757;2025031918;    3;    5.6;  45.0;eor
       1757;2025032006;    3;    0.4;  67.0;eor
       1757;2025032012;    3;   14.2;  30.0;eor
       1757;2025032018;    3;   10.8;  51.0;eor
       1757;2025032106;    3;    1.0;  86.0;eor
       1757;2025032112;    3;    9.2;  70.0;eor
       1757;2025032118;    3;    5.5;  72.0;eor
       1757;2025032206;    3;    3.2;  81.0;eor
       1757;2025032212;    3;    8.5;  68.0;eor
       1757;2025032218;    3;    5.4;  80.0;eor
       1757;2025032306;    3;    4.8;  72.0;eor
       1757;2025032312;    3;   10.0;  65.0;eor
       1757;2025032318;    3;    7.1;  76.0;eor
       1757;2025032406;    3;    5.7;  89.0;eor
       1757;2025032412;    3;    9.1;  63.0;eor
       1757;2025032418;    3;    6.2;  76.0;eor
       1757;2025032506;    3;    4.6;  85.0;eor
       1757;2025032512;    3;    5.6;  86.0;eor
       1757;2025032518;    3;    7.8;  78.0;eor
       1757;2025032606;    3;    6.5;  92.0;eor
       1757;2025032612;    3;   10.4;  73.0;eor
       1757;2025032618;    3;    8.2;  79.0;eor
       1757;2025032706;    3;    2.3;  98.0;eor
       1757;2025032712;    3;   11.0;  57.0;eor
       1757;2025032718;    3;    9.1;  69.0;eor
       1757;2025032806;    3;    3.3;  91.0;eor
       1757;2025032812;    3;   14.2;  50.0;eor
       1757;2025032818;    3;   11.9;  53.0;eor
       1757;2025032906;    3;    2.7;  89.0;eor
       1757;2025032912;    3;   10.0;  73.0;eor
       1757;2025032918;    3;    8.9;  63.0;eor
       1757;2025033006;    3;    4.6;  77.0;eor
       1757;2025033012;    3;    8.1;  80.0;eor
       1757;2025033018;    3;    7.3;  87.0;eor
       1757;2025033106;    3;    5.4;  93.0;eor
       1757;2025033112;    3;    7.4;  73.0;eor
       1757;2025033118;    3;    6.4;  81.0;eor
       1757;2025040100;    3;    1.9;  96.0;eor
       1757;2025040106;    3;    2.0;  93.0;eor
       1757;2025040112;    3;   10.7;  63.0;eor
       1757;2025040118;    3;    5.8;  85.0;eor
       1757;2025040200;    3;    3.9;  93.0;eor
       1757;2025040206;    3;    4.4;  99.0;eor
       1757;2025040212;    3;    9.2;  69.0;eor
       1757;2025040218;    3;    7.1;  76.0;eor
       1757;2025040300;    3;    4.8;  87.0;eor
       1757;2025040306;    3;    5.1;  84.0;eor
       1757;2025040312;    3;   12.4;  49.0;eor
       1757;2025040318;    3;    9.3;  68.0;eor
       1757;2025040400;    3;    3.3;  92.0;eor
       1757;2025040406;    3;    5.2;  81.0;eor
       1757;2025040412;    3;   18.9;  44.0;eor
       1757;2025040418;    3;    7.9;  82.0;eor
       1757;2025040500;    3;    3.4;  88.0;eor
       1757;2025040506;    3;    5.2;  75.0;eor
       1757;2025040512;    3;    7.1;  60.0;eor
       1757;2025040518;    3;    3.7;  63.0;eor
       1757;2025040600;    3;    3.2;  63.0;eor
       1757;2025040606;    3;    3.2;  67.0;eor
       1757;2025040612;    3;    7.2;  40.0;eor
       1757;2025040618;    3;    6.3;  46.0;eor
       1757;2025040700;    3;    6.1;  68.0;eor
       1757;2025040706;    3;    4.3;  75.0;eor
       1757;2025040712;    3;   11.0;  42.0;eor
       1757;2025040718;    3;    8.3;  70.0;eor
       1757;2025040800;    3;    6.2;  82.0;eor
       1757;2025040806;    3;    7.3;  72.0;eor
       1757;2025040812;    3;   11.5;  54.0;eor
       1757;2025040818;    3;    8.8;  59.0;eor
       1757;2025040900;    3;    7.3;  62.0;eor
       1757;2025040906;    3;    6.6;  65.0;eor
       1757;2025040912;    3;   12.6;  48.0;eor
       1757;2025040918;    3;    7.4;  74.0;eor
       1757;2025041000;    3;    5.7;  86.0;eor
       1757;2025041006;    3;    2.9;  93.0;eor
       1757;2025041012;    3;   13.5;  36.0;eor
       1757;2025041018;    3;   12.8;  60.0;eor
       1757;2025041100;    3;    7.7;  77.0;eor
       1757;2025041106;    3;    8.0;  78.0;eor
       1757;2025041112;    3;   10.2;  78.0;eor
       1757;2025041118;    3;   10.8;  78.0;eor
       1757;2025041200;    3;    9.0;  86.0;eor
       1757;2025041206;    3;    8.5;  80.0;eor
       1757;2025041212;    3;   13.2;  62.0;eor
       1757;2025041218;    3;    9.9;  83.0;eor
       1757;2025041300;    3;    4.1;  97.0;eor
       1757;2025041306;    3;    7.2;  96.0;eor
       1757;2025041312;    3;   20.9;  43.0;eor
       1757;2025041318;    3;   16.3;  68.0;eor
       1757;2025041400;    3;   10.1;  90.0;eor
       1757;2025041406;    3;   10.4;  81.0;eor
       1757;2025041412;    3;   16.1;  60.0;eor
       1757;2025041418;    3;   11.7;  84.0;eor
       1757;2025041500;    3;    6.6;  93.0;eor
       1757;2025041506;    3;   11.9;  85.0;eor
       1757;2025041512;    3;   16.4;  75.0;eor
       1757;2025041518;    3;   16.2;  68.0;eor
       1757;2025041600;    3;   15.9;  74.0;eor
       1757;2025041606;    3;   14.6;  80.0;eor
       1757;2025041612;    3;   21.1;  58.0;eor
       1757;2025041618;    3;   15.4;  78.0;eor
       1757;2025041700;    3;   13.1;  87.0;eor
       1757;2025041706;    3;   12.6;  87.0;eor
       1757;2025041712;    3;   17.5;  72.0;eor
       1757;2025041718;    3;   13.3;  79.0;eor
       1757;2025041800;    3;    9.1;  92.0;eor
       1757;2025041806;    3;    8.7;  92.0;eor
       1757;2025041812;    3;   11.7;  83.0;eor
       1757;2025041818;    3;   10.5;  85.0;eor
       1757;2025041900;    3;    9.6;  85.0;eor
       1757;2025041906;    3;    9.0;  94.0;eor
       1757;2025041912;    3;   11.1;  71.0;eor
       1757;2025041918;    3;   10.2;  74.0;eor
       1757;2025042000;    3;    8.8;  85.0;eor
       1757;2025042006;    3;    9.4;  80.0;eor
       1757;2025042012;    3;   16.3;  35.0;eor
       1757;2025042018;    3;   11.3;  83.0;eor
       1757;2025042100;    3;    6.6;  95.0;eor
       1757;2025042106;    3;    8.7;  95.0;eor
       1757;2025042112;    3;   12.4;  77.0;eor
       1757;2025042118;    3;   11.9;  75.0;eor
       1757;2025042200;    3;    6.1;  97.0;eor
       1757;2025042206;    3;    9.6;  92.0;eor
       1757;2025042212;    3;   16.8;  63.0;eor
       1757;2025042218;    3;   12.6;  94.0;eor
       1757;2025042300;    3;    9.0;  98.0;eor
       1757;2025042306;    3;    8.9;  95.0;eor
       1757;2025042312;    3;   14.6;  62.0;eor
       1757;2025042318;    3;   11.6;  85.0;eor
       1757;2025042400;    3;    6.0;  98.0;eor
       1757;2025042406;    3;    9.2;  91.0;eor
       1757;2025042412;    3;   10.8;  83.0;eor
       1757;2025042418;    3;    8.0;  94.0;eor
       1757;2025042500;    3;    7.2;  93.0;eor
       1757;2025042506;    3;    7.0;  81.0;eor
       1757;2025042512;    3;    9.9;  68.0;eor
       1757;2025042518;    3;    8.3;  65.0;eor
       1757;2025042600;    3;    3.5;  93.0;eor
       1757;2025042606;    3;    7.5;  73.0;eor
       1757;2025042612;    3;   13.7;  49.0;eor
       1757;2025042618;    3;    8.8;  57.0;eor
       1757;2025042700;    3;    3.1;  84.0;eor
       1757;2025042706;    3;    6.8;  53.0;eor
       1757;2025042712;    3;   14.5;  33.0;eor
       1757;2025042718;    3;   10.8;  55.0;eor
       1757;2025042800;    3;    2.9;  94.0;eor
       1757;2025042806;    3;   10.0;  54.0;eor
       1757;2025042812;    3;   18.5;  30.0;eor
       1757;2025042818;    3;   15.1;  55.0;eor
       1757;2025042900;    3;   10.7;  61.0;eor
       1757;2025042906;    3;   11.2;  76.0;eor
       1757;2025042912;    3;   17.1;  60.0;eor
       1757;2025042918;    3;   15.3;  68.0;eor
       1757;2025043000;    3;   10.3;  90.0;eor
       1757;2025043006;    3;   11.4;  85.0;eor
       1757;2025043012;    3;   19.3;  54.0;eor
       1757;2025043018;    3;   16.3;  62.0;eor
       1757;2025050100;    3;   11.1;  85.0;eor
       1757;2025050106;    3;   12.6;  79.0;eor
       1757;2025050112;    3;   21.5;  46.0;eor
       1757;2025050118;    3;   19.3;  59.0;eor
       1757;2025050200;    3;   15.1;  63.0;eor
       1757;2025050206;    3;   17.0;  54.0;eor
       1757;2025050212;    3;   22.0;  44.0;eor
       1757;2025050218;    3;   15.7;  74.0;eor
       1757;2025050300;    3;    9.3;  81.0;eor
       1757;2025050306;    3;    9.6;  74.0;eor
       1757;2025050312;    3;   14.0;  51.0;eor
       1757;2025050318;    3;   12.5;  61.0;eor
       1757;2025050400;    3;    8.3;  86.0;eor
       1757;2025050406;    3;    7.7;  91.0;eor
       1757;2025050412;    3;   12.2;  60.0;eor
       1757;2025050418;    3;    8.5;  67.0;eor
       1757;2025050500;    3;    6.3;  83.0;eor
       1757;2025050506;    3;    7.7;  73.0;eor
       1757;2025050512;    3;    9.7;  49.0;eor
       1757;2025050518;    3;    9.6;  37.0;eor
       1757;2025050600;    3;    2.6;  68.0;eor
       1757;2025050606;    3;    6.7;  68.0;eor
       1757;2025050612;    3;   12.4;  73.0;eor
       1757;2025050618;    3;   13.1;  58.0;eor
       1757;2025050700;    3;    6.6;  93.0;eor
       1757;2025050706;    3;    9.4;  65.0;eor
       1757;2025050712;    3;   13.7;  36.0;eor
       1757;2025050718;    3;   11.7;  53.0;eor
       1757;2025050800;    3;    3.7;  85.0;eor
       1757;2025050806;    3;    7.9;  62.0;eor
       1757;2025050812;    3;   12.4;  67.0;eor
       1757;2025050818;    3;   11.0;  62.0;eor
       1757;2025050900;    3;    3.2;  94.0;eor
       1757;2025050906;    3;    9.3;  61.0;eor
       1757;2025050912;    3;   17.5;  39.0;eor
       1757;2025050918;    3;   15.5;  46.0;eor
       1757;2025051000;    3;   11.8;  79.0;eor
       1757;2025051006;    3;   11.8;  88.0;eor
       1757;2025051012;    3;   13.1;  74.0;eor
       1757;2025051018;    3;    9.0;  77.0;eor
       1757;2025051100;    3;    5.5;  86.0;eor
       1757;2025051106;    3;    8.0;  76.0;eor
       1757;2025051112;    3;   12.3;  50.0;eor
       1757;2025051118;    3;    9.8;  55.0;eor
       1757;2025051200;    3;    6.0;  84.0;eor
       1757;2025051206;    3;    8.2;  65.0;eor
       1757;2025051212;    3;   11.5;  55.0;eor
       1757;2025051218;    3;    9.9;  59.0;eor
       1757;2025051300;    3;    3.6;  87.0;eor
       1757;2025051306;    3;    9.2;  67.0;eor
       1757;2025051312;    3;   18.6;  50.0;eor
       1757;2025051318;    3;   16.8;  57.0;eor
       1757;2025051400;    3;   11.9;  72.0;eor
       1757;2025051406;    3;   12.2;  79.0;eor
       1757;2025051412;    3;   16.5;  62.0;eor
       1757;2025051418;    3;   12.9;  83.0;eor
       1757;2025051500;    3;    8.1;  79.0;eor
       1757;2025051506;    3;   10.0;  59.0;eor
       1757;2025051512;    3;   12.4;  56.0;eor
       1757;2025051518;    3;   11.1;  67.0;eor
       1757;2025051600;    3;   10.2;  69.0;eor
       1757;2025051606;    3;   10.8;  83.0;eor
       1757;2025051612;    3;   15.1;  50.0;eor
       1757;2025051618;    3;   14.2;  55.0;eor
       1757;2025051700;    1;    9.8;  80.0;eor
       1757;2025051706;    1;   12.6;  74.0;eor
       1757;2025051712;    1;    9.8;  84.0;eor
       1757;2025051718;    1;   10.7;  70.0;eor
       1757;2025051800;    1;    8.5;  86.0;eor
       1757;2025051806;    1;   10.3;  76.0;eor
       1757;2025051812;    1;   11.2;  70.0;eor
       1757;2025051818;    1;   10.6;  93.0;eor
       1757;2025051900;    1;   10.5;  92.0;eor
       1757;2025051906;    1;   11.2;  85.0;eor
       1757;2025051912;    1;   13.4;  71.0;eor
       1757;2025051918;    1;   17.3;  55.0;eor
       1757;2025052000;    1;   10.2;  88.0;eor
       1757;2025052006;    1;   13.3;  68.0;eor
       1757;2025052012;    1;   21.5;  36.0;eor
       1757;2025052018;    1;   19.6;  42.0;eor
       1757;2025052100;    1;   10.1;  72.0;eor
       1757;2025052106;    1;   11.3;  75.0;eor
       1757;2025052112;    1;   16.9;  50.0;eor
       1757;2025052118;    1;   15.0;  52.0;eor
       1757;2025052200;    1;    9.4;  76.0;eor
       1757;2025052206;    1;    8.3;  68.0;eor
       1757;2025052212;    1;   13.0;  52.0;eor
       1757;2025052218;    1;    8.3;  79.0;eor
       1757;2025052300;    1;    4.7;  81.0;eor
       1757;2025052306;    1;    6.3;  75.0;eor
       1757;2025052312;    1;   13.5;  41.0;eor
       1757;2025052318;    1;   13.0;  47.0;eor
       1757;2025052400;    1;    8.6;  74.0;eor
       1757;2025052406;    1;    9.0;  76.0;eor
       1757;2025052412;    1;   14.6;  42.0;eor
       1757;2025052418;    1;   16.8;  44.0;eor
       1757;2025052500;    1;   11.7;  64.0;eor
       1757;2025052506;    1;   13.2;  66.0;eor
       1757;2025052512;    1;   13.5;  88.0;eor
       1757;2025052518;    1;   15.9;  87.0;eor
       1757;2025052600;    1;   11.3;  95.0;eor
       1757;2025052606;    1;   12.5;  87.0;eor
       1757;2025052612;    1;   18.3;  47.0;eor
       1757;2025052618;    1;   13.4;  76.0;eor
       1757;2025052700;    1;   11.0;  90.0;eor
       1757;2025052706;    1;   14.0;  72.0;eor
       1757;2025052712;    1;   18.7;  47.0;eor
       1757;2025052718;    1;   17.9;  58.0;eor
       1757;2025052800;    1;   13.5;  90.0;eor
       1757;2025052806;    1;   14.9;  90.0;eor
       1757;2025052812;    1;   15.1;  94.0;eor
       1757;2025052818;    1;   13.9;  81.0;eor
       1757;2025052900;    1;   10.5;  93.0;eor
       1757;2025052906;    1;   12.5;  81.0;eor
       1757;2025052912;    1;   17.0;  48.0;eor
       1757;2025052918;    1;   15.8;  61.0;eor
       1757;2025053000;    1;   12.9;  87.0;eor
       1757;2025053006;    1;   15.8;  94.0;eor
       1757;2025053012;    1;   19.7;  75.0;eor
       1757;2025053018;    1;   20.3;  69.0;eor
       1757;2025053100;    1;   16.0;  80.0;eor
       1757;2025053106;    1;   14.7;  83.0;eor
       1757;2025053112;    1;   19.8;  55.0;eor
       1757;2025053118;    1;   18.0;  75.0;eor
       1757;2025060100;    1;   13.1;  93.0;eor
       1757;2025060106;    1;   18.2;  70.0;eor
       1757;2025060112;    1;   22.6;  63.0;eor
       1757;2025060118;    1;   22.0;  70.0;eor
       1757;2025060200;    1;   14.6;  78.0;eor
       1757;2025060206;    1;   13.5;  76.0;eor
       1757;2025060212;    1;   19.8;  46.0;eor
       1757;2025060218;    1;   16.9;  61.0;eor
       1757;2025060300;    1;   12.9;  80.0;eor
       1757;2025060306;    1;   13.9;  74.0;eor
       1757;2025060312;    1;   20.6;  45.0;eor
       1757;2025060318;    1;   20.5;  48.0;eor
       1757;2025060400;    1;   15.4;  70.0;eor
       1757;2025060406;    1;   17.9;  64.0;eor
       1757;2025060412;    1;   24.8;  38.0;eor
       1757;2025060418;    1;   20.3;  75.0;eor
       1757;2025060500;    1;   12.7;  95.0;eor
       1757;2025060506;    1;   14.3;  80.0;eor
       1757;2025060512;    1;   17.5;  71.0;eor
       1757;2025060518;    1;   15.8;  76.0;eor
       1757;2025060600;    1;   12.8;  90.0;eor
       1757;2025060606;    1;   14.9;  84.0;eor
       1757;2025060612;    1;   20.0;  62.0;eor
       1757;2025060618;    1;   17.1;  67.0;eor
       1757;2025060700;    1;   15.4;  67.0;eor
       1757;2025060706;    1;   14.0;  79.0;eor
       1757;2025060712;    1;   19.8;  58.0;eor
       1757;2025060718;    1;   14.4;  91.0;eor
       1757;2025060800;    1;   12.3;  89.0;eor
       1757;2025060806;    1;   13.1;  87.0;eor
       1757;2025060812;    1;   17.9;  65.0;eor
       1757;2025060818;    1;   12.1;  89.0;eor
       1757;2025060900;    1;   11.1;  87.0;eor
       1757;2025060906;    1;   10.5;  90.0;eor
       1757;2025060912;    1;   15.5;  51.0;eor
       1757;2025060918;    1;   16.2;  48.0;eor
       1757;2025061000;    1;   12.4;  73.0;eor
       1757;2025061006;    1;   13.1;  78.0;eor
       1757;2025061012;    1;   15.2;  79.0;eor
       1757;2025061018;    1;   14.1;  87.0;eor
       1757;2025061100;    1;   13.4;  94.0;eor
       1757;2025061106;    1;   13.0;  83.0;eor
       1757;2025061112;    1;   16.4;  58.0;eor
       1757;2025061118;    1;   16.5;  61.0;eor
       1757;2025061200;    1;   10.0;  94.0;eor
       1757;2025061206;    1;   14.1;  79.0;eor
       1757;2025061212;    1;   18.1;  67.0;eor
       1757;2025061218;    1;   17.5;  47.0;eor
       1757;2025061300;    1;    8.3;  90.0;eor
       1757;2025061306;    1;   14.2;  64.0;eor
       1757;2025061312;    1;   17.9;  57.0;eor
       1757;2025061318;    1;   16.1;  61.0;eor
       1757;2025061400;    1;   11.5;  93.0;eor
       1757;2025061406;    1;   17.4;  72.0;eor
       1757;2025061412;    1;   23.6;  49.0;eor
       1757;2025061418;    1;   18.6;  68.0;eor
       1757;2025061500;    1;   12.6;  96.0;eor
       1757;2025061506;    1;   20.4;  54.0;eor
       1757;2025061512;    1;   25.9;  56.0;eor
       1757;2025061518;    1;   21.6;  67.0;eor
       1757;2025061600;    1;   15.3;  95.0;eor
       1757;2025061606;    1;   14.9;  85.0;eor
       1757;2025061612;    1;   19.1;  63.0;eor
       1757;2025061618;    1;   19.5;  62.0;eor
       1757;2025061700;    1;   14.8;  88.0;eor
       1757;2025061706;    1;   16.0;  78.0;eor
       1757;2025061712;    1;   21.6;  59.0;eor
       1757;2025061718;    1;   23.4;  56.0;eor
       1757;2025061800;    1;   16.2;  82.0;eor
       1757;2025061806;    1;   16.1;  78.0;eor
       1757;2025061812;    1;   19.9;  61.0;eor
       1757;2025061818;    1;   20.7;  57.0;eor
       1757;2025061900;    1;   14.5;  76.0;eor
       1757;2025061906;    1;   15.6;  67.0;eor
       1757;2025061912;    1;   18.1;  53.0;eor
       1757;2025061918;    1;   17.2;  59.0;eor
       1757;2025062000;    1;   11.9;  81.0;eor
       1757;2025062006;    1;   14.3;  74.0;eor
       1757;2025062012;    1;   19.9;  49.0;eor
       1757;2025062018;    1;   19.5;  53.0;eor
       1757;2025062100;    1;   10.4;  91.0;eor
       1757;2025062106;    1;   15.8;  66.0;eor
       1757;2025062112;    1;   24.4;  41.0;eor
       1757;2025062118;    1;   24.6;  39.0;eor
       1757;2025062200;    1;   15.4;  82.0;eor
       1757;2025062206;    1;   21.2;  61.0;eor
       1757;2025062212;    1;   29.8;  33.0;eor
       1757;2025062218;    1;   24.4;  63.0;eor
       1757;2025062300;    1;   19.8;  77.0;eor
       1757;2025062306;    1;   19.7;  75.0;eor
       1757;2025062312;    1;   23.0;  51.0;eor
       1757;2025062318;    1;   16.1;  66.0;eor
       1757;2025062400;    1;   13.8;  76.0;eor
       1757;2025062406;    1;   15.5;  69.0;eor
       1757;2025062412;    1;   18.6;  56.0;eor
       1757;2025062418;    1;   16.4;  78.0;eor
       1757;2025062500;    1;   16.0;  90.0;eor
       1757;2025062506;    1;   17.4;  79.0;eor
       1757;2025062512;    1;   16.9;  77.0;eor
       1757;2025062518;    1;   19.3;  55.0;eor
       1757;2025062600;    1;   11.7;  90.0;eor
       1757;2025062606;    1;   16.8;  74.0;eor
       1757;2025062612;    1;   23.0;  61.0;eor
       1757;2025062618;    1;   23.3;  64.0;eor
       1757;2025062700;    1;   18.1;  89.0;eor
       1757;2025062706;    1;   18.7;  87.0;eor
       1757;2025062712;    1;   17.1;  72.0;eor
       1757;2025062718;    1;   18.7;  58.0;eor
       1757;2025062800;    1;   14.7;  84.0;eor
       1757;2025062806;    1;   16.7;  78.0;eor
       1757;2025062812;    1;   25.3;  56.0;eor
       1757;2025062818;    1;   23.2;  71.0;eor
       1757;2025062900;    1;   19.8;  82.0;eor
       1757;2025062906;    1;   19.9;  86.0;eor
       1757;2025062912;    1;   23.6;  42.0;eor
       1757;2025062918;    1;   19.4;  51.0;eor
       1757;2025063000;    1;   13.7;  75.0;eor
       1757;2025063006;    1;   15.1;  76.0;eor
       1757;2025063012;    1;   21.0;  49.0;eor
       1757;2025063018;    1;   19.7;  56.0;eor
       1757;2025070100;    1;   11.5;  93.0;eor
       1757;2025070106;    1;   17.5;  67.0;eor
       1757;2025070112;    1;   23.0;  55.0;eor
       1757;2025070118;    1;   23.1;  54.0;eor
       1757;2025070200;    1;   14.1;  96.0;eor
       1757;2025070206;    1;   23.9;  47.0;eor
       1757;2025070212;    1;   -999;-999;eor
       1757;2025070218;    1;   -999;-999;eor
       1757;2025070300;    1;   21.0;  75.0;eor
       1757;2025070306;    1;   19.5;  80.0;eor
       1757;2025070312;    1;   20.2;  52.0;eor
       1757;2025070318;    1;   19.0;  53.0;eor
       1757;2025070400;    1;   13.7;  75.0;eor
       1757;2025070406;    1;   13.9;  78.0;eor
       1757;2025070412;    1;   20.6;  45.0;eor
       1757;2025070418;    1;   21.0;  44.0;eor
       1757;2025070500;    1;   17.3;  58.0;eor
       1757;2025070506;    1;   18.7;  53.0;eor
       1757;2025070512;    1;   22.7;  47.0;eor
       1757;2025070518;    1;   23.2;  45.0;eor
       1757;2025070600;    1;   16.6;  76.0;eor
       1757;2025070606;    1;   16.9;  76.0;eor
       1757;2025070612;    1;   21.9;  64.0;eor
       1757;2025070618;    1;   22.8;  55.0;eor
       1757;2025070700;    1;   17.9;  72.0;eor
       1757;2025070706;    1;   16.2;  83.0;eor
       1757;2025070712;    1;   19.3;  64.0;eor
       1757;2025070718;    1;   18.5;  72.0;eor
       1757;2025070800;    1;   15.3;  91.0;eor
       1757;2025070806;    1;   15.1;  84.0;eor
       1757;2025070812;    1;   19.6;  55.0;eor
       1757;2025070818;    1;   19.8;  58.0;eor
       1757;2025070900;    1;   14.1;  88.0;eor
       1757;2025070906;    1;   16.3;  75.0;eor
       1757;2025070912;    1;   21.2;  57.0;eor
       1757;2025070918;    1;   19.2;  68.0;eor
       1757;2025071000;    1;   16.0;  85.0;eor
       1757;2025071006;    1;   17.3;  86.0;eor
       1757;2025071012;    1;   21.7;  55.0;eor
       1757;2025071018;    1;   20.9;  51.0;eor
       1757;2025071100;    1;   15.4;  75.0;eor
       1757;2025071106;    1;   18.0;  80.0;eor
       1757;2025071112;    1;   20.0;  61.0;eor
       1757;2025071118;    1;   15.2;  90.0;eor
       1757;2025071200;    1;   15.2;  93.0;eor
       1757;2025071206;    1;   15.5;  93.0;eor
       1757;2025071212;    1;   16.8;  95.0;eor
       1757;2025071218;    1;   17.4;  89.0;eor
       1757;2025071300;    1;   16.5;  97.0;eor
       1757;2025071306;    1;   17.0;  91.0;eor
       1757;2025071312;    1;   18.3;  93.0;eor
       1757;2025071318;    1;   19.6;  84.0;eor
       1757;2025071400;    1;   16.5;  96.0;eor
       1757;2025071406;    1;   17.9;  95.0;eor
       1757;2025071412;    1;   20.5;  85.0;eor
       1757;2025071418;    1;   21.1;  74.0;eor
       1757;2025071500;    1;   16.1;  98.0;eor
       1757;2025071506;    1;   18.0;  85.0;eor
       1757;2025071512;    1;   22.8;  65.0;eor
       1757;2025071518;    1;   16.9;  91.0;eor
       1757;2025071600;    1;   14.7;  88.0;eor
       1757;2025071606;    1;   16.2;  79.0;eor
       1757;2025071612;    1;   21.0;  52.0;eor
       1757;2025071618;    1;   19.8;  58.0;eor
       1757;2025071700;    1;   14.8;  85.0;eor
       1757;2025071706;    1;   17.2;  91.0;eor
       1757;2025071712;    1;   21.0;  79.0;eor
       1757;2025071718;    1;   18.5;  85.0;eor
       1757;2025071800;    1;   16.8;  93.0;eor
       1757;2025071806;    1;   19.3;  79.0;eor
       1757;2025071812;    1;   21.1;  74.0;eor
       1757;2025071818;    1;   19.8;  83.0;eor
       1757;2025071900;    1;   15.1;  98.0;eor
       1757;2025071906;    1;   16.9;  97.0;eor
       1757;2025071912;    1;   24.1;  64.0;eor
       1757;2025071918;    1;   22.1;  75.0;eor
       1757;2025072000;    1;   16.3;  98.0;eor
       1757;2025072006;    1;   20.7;  87.0;eor
       1757;2025072012;    1;   25.4;  67.0;eor
       1757;2025072018;    1;   22.6;  72.0;eor
       1757;2025072100;    1;   20.4;  80.0;eor
       1757;2025072106;    1;   19.2;  88.0;eor
       1757;2025072112;    1;   23.9;  70.0;eor
       1757;2025072118;    1;   19.2;  97.0;eor
       1757;2025072200;    1;   16.9;  98.0;eor
       1757;2025072206;    1;   16.6;  97.0;eor
       1757;2025072212;    1;   17.0;  93.0;eor
       1757;2025072218;    1;   21.0;  69.0;eor
       1757;2025072300;    1;   15.0;  92.0;eor
       1757;2025072306;    1;   17.0;  93.0;eor
       1757;2025072312;    1;   18.0;  94.0;eor
       1757;2025072318;    1;   18.6;  89.0;eor
       1757;2025072400;    1;   17.4;  96.0;eor
       1757;2025072406;    1;   18.8;  89.0;eor
       1757;2025072412;    1;   22.6;  68.0;eor
       1757;2025072418;    1;   20.0;  89.0;eor
       1757;2025072500;    1;   17.8;  96.0;eor
       1757;2025072506;    1;   18.5;  97.0;eor
       1757;2025072512;    1;   22.4;  81.0;eor
       1757;2025072518;    1;   20.4;  84.0;eor
       1757;2025072600;    1;   18.4;  85.0;eor
       1757;2025072606;    1;   17.5;  89.0;eor
       1757;2025072612;    1;   20.5;  62.0;eor
       1757;2025072618;    1;   20.0;  67.0;eor
       1757;2025072700;    1;   16.9;  84.0;eor
       1757;2025072706;    1;   18.0;  81.0;eor
       1757;2025072712;    1;   22.1;  69.0;eor
       1757;2025072718;    1;   18.9;  86.0;eor
       1757;2025072800;    1;   17.2;  91.0;eor
       1757;2025072806;    1;   18.8;  83.0;eor
       1757;2025072812;    1;   22.3;  52.0;eor
       1757;2025072818;    1;   21.3;  55.0;eor
